0 0.640212 0.554563 0.65377 0.558284 0.641204 0.584325 0.627646 0.580853
0 0.637566 0.59375 0.625 0.598958 0.608796 0.576637 0.621362 0.571429
0 0.638228 0.624752 0.626653 0.627976 0.61541 0.606895 0.626653 0.603423
0 0.642526 0.656746 0.628307 0.662202 0.614418 0.642113 0.628638 0.636905
0 0.638228 0.573413 0.62004 0.574405 0.617725 0.548115 0.636243 0.547123
0 0.637897 0.586558 0.652116 0.590278 0.641204 0.613591 0.626984 0.609871
0 0.65377 0.762401 0.66369 0.763641 0.658069 0.788442 0.647817 0.787202
0 0.64881 0.800843 0.643188 0.801587 0.63955 0.778274 0.645172 0.777778
0 0.653108 0.772569 0.63955 0.778274 0.617394 0.749504 0.630952 0.743552
0 0.646825 0.738591 0.665013 0.740823 0.659392 0.765377 0.641204 0.763145
0 0.651124 0.747768 0.636243 0.754216 0.620701 0.734127 0.635582 0.727679
0 0.64914 0.72247 0.634921 0.728671 0.619709 0.708581 0.633929 0.702381
0 0.647156 0.712302 0.665013 0.716022 0.656085 0.740327 0.638558 0.736607
0 0.641534 0.711062 0.626323 0.717758 0.609458 0.695685 0.624669 0.688988
0 0.64418 0.689484 0.631944 0.697421 0.612434 0.680556 0.624339 0.672619
0 0.637235 0.679067 0.625992 0.685268 0.607804 0.666171 0.619048 0.65997
0 0.64881 0.682292 0.665344 0.690228 0.648479 0.710565 0.631944 0.702629
0 0.645833 0.652778 0.660053 0.659474 0.643188 0.679812 0.628638 0.672867
0 0.642857 0.615327 0.659392 0.623512 0.641204 0.644097 0.625 0.636161
0 0.647487 0.639633 0.661045 0.646081 0.644511 0.665427 0.630952 0.658978
