0 0.744164 0.506653 0.753968 0.508929 0.746265 0.527661 0.736461 0.525385
0 0.744164 0.523985 0.761671 0.531162 0.742764 0.557248 0.725257 0.55007
0 0.741597 0.552521 0.755602 0.561275 0.730859 0.583508 0.71662 0.57458
0 0.731559 0.580532 0.746965 0.590161 0.72409 0.610469 0.708917 0.60084
0 0.720355 0.610469 0.736695 0.617122 0.719655 0.640931 0.703315 0.634279
0 0.71732 0.634629 0.734127 0.645133 0.713585 0.66369 0.696545 0.653011
0 0.719188 0.657388 0.736228 0.668067 0.712418 0.689426 0.695378 0.678746
0 0.721989 0.680847 0.737162 0.692402 0.708917 0.71306 0.693744 0.701331
0 0.709384 0.705357 0.725957 0.71201 0.708917 0.735644 0.692344 0.728817
0 0.723856 0.509979 0.741363 0.51138 0.737628 0.539566 0.719888 0.538165
0 0.733193 0.56145 0.714052 0.564076 0.706816 0.534314 0.725724 0.531688
0 0.72619 0.589111 0.70915 0.594363 0.694678 0.568627 0.711718 0.5632
0 0.719888 0.617122 0.701447 0.623074 0.686975 0.597514 0.705415 0.591562
0 0.713119 0.645483 0.695378 0.651261 0.680906 0.6257 0.69888 0.619923
0 0.708917 0.670693 0.69141 0.676296 0.676004 0.648634 0.693511 0.643207
0 0.706583 0.693978 0.689076 0.701155 0.667367 0.671218 0.684874 0.664041
0 0.700514 0.714286 0.685574 0.720238 0.668534 0.696604 0.68324 0.690651
0 0.695845 0.742122 0.679272 0.745973 0.666433 0.714811 0.683007 0.710959
0 0.699346 0.737745 0.711485 0.740546 0.703315 0.760679 0.690943 0.757878
