0 0.61541 0.539187 0.626984 0.540923 0.621032 0.562748 0.609458 0.561012
0 0.616733 0.560268 0.630291 0.5625 0.624008 0.586806 0.610119 0.584821
0 0.620701 0.582341 0.636905 0.585069 0.62963 0.612847 0.613095 0.610367
0 0.626323 0.612847 0.642526 0.615575 0.634921 0.644345 0.618386 0.641865
0 0.630291 0.652282 0.64881 0.658234 0.63459 0.682788 0.616071 0.677083
0 0.62037 0.554067 0.602513 0.555556 0.598876 0.528274 0.616733 0.526786
0 0.616071 0.574653 0.603505 0.577629 0.590939 0.546627 0.603505 0.543899
0 0.620701 0.595486 0.606812 0.602183 0.586971 0.578869 0.60086 0.571925
0 0.627976 0.625744 0.611111 0.633433 0.59127 0.609375 0.608135 0.601687
0 0.632275 0.657242 0.616402 0.663938 0.59623 0.636905 0.612103 0.630208
0 0.63922 0.696677 0.621032 0.706101 0.602513 0.68626 0.620701 0.676587
0 0.643519 0.769593 0.625331 0.77381 0.615079 0.749256 0.633267 0.74504
0 0.641534 0.804812 0.623016 0.809524 0.612434 0.784474 0.630952 0.78001
0 0.642526 0.836062 0.624669 0.840278 0.612434 0.811756 0.630622 0.807292
0 0.636574 0.842014 0.646825 0.842758 0.644511 0.863839 0.634259 0.863095
0 0.646495 0.797371 0.664352 0.8063 0.647817 0.825397 0.62963 0.81622
0 0.650132 0.783482 0.663029 0.789931 0.645833 0.809772 0.632606 0.803075
0 0.647817 0.764137 0.665344 0.77505 0.644841 0.793899 0.627315 0.782986
0 0.64914 0.750744 0.664352 0.756944 0.649471 0.77753 0.634259 0.771577
0 0.643519 0.727927 0.661376 0.736855 0.644511 0.755952 0.626323 0.746776
0 0.643849 0.708829 0.662368 0.713046 0.652116 0.739335 0.633267 0.735119
0 0.638558 0.692956 0.656415 0.701637 0.63955 0.720486 0.622024 0.711806
0 0.639881 0.730159 0.623677 0.737103 0.604167 0.71131 0.620701 0.704365
0 0.63459 0.761161 0.615741 0.765873 0.601521 0.733135 0.620701 0.728423
