0 0.605489 0.506448 0.590939 0.50744 0.586971 0.477927 0.601521 0.476935
0 0.60119 0.502728 0.588624 0.509425 0.565476 0.484375 0.578373 0.477679
0 0.600198 0.513641 0.588955 0.520585 0.563823 0.498264 0.575066 0.491071
0 0.710979 0.762649 0.695106 0.773065 0.674272 0.754464 0.690146 0.744048
0 0.703704 0.731399 0.688823 0.740823 0.660053 0.71503 0.674934 0.705605
0 0.690476 0.698413 0.679894 0.710813 0.646825 0.694692 0.657407 0.68254
0 0.677579 0.669643 0.669312 0.682292 0.630952 0.667659 0.63955 0.655258
0 0.662368 0.639137 0.654431 0.65129 0.62004 0.638145 0.628307 0.62624
0 0.649471 0.608879 0.641534 0.621032 0.607143 0.607887 0.61541 0.595982
0 0.635913 0.580605 0.626323 0.592014 0.593915 0.576389 0.603505 0.56498
0 0.62004 0.554812 0.608796 0.565476 0.578704 0.547619 0.589947 0.536954
0 0.61078 0.531994 0.598876 0.541419 0.573743 0.523065 0.585979 0.513889
0 0.723876 0.758681 0.743717 0.768849 0.724537 0.790179 0.704365 0.779762
0 0.71131 0.727183 0.729167 0.734375 0.714286 0.754464 0.696429 0.747272
0 0.699405 0.695188 0.717262 0.702381 0.702381 0.72247 0.684524 0.715278
0 0.687831 0.663938 0.705688 0.671131 0.690807 0.69122 0.67295 0.684028
0 0.673942 0.633681 0.69246 0.641121 0.675926 0.66369 0.657407 0.65625
0 0.659061 0.602927 0.677579 0.610367 0.661045 0.632937 0.642526 0.625496
0 0.645172 0.569692 0.66369 0.577381 0.646164 0.601687 0.627646 0.593998
0 0.630291 0.542659 0.649471 0.548859 0.635251 0.574157 0.616071 0.567956
0 0.616071 0.519593 0.635251 0.525794 0.621032 0.551091 0.601852 0.544891
0 0.606151 0.498512 0.622685 0.50372 0.61045 0.526042 0.593585 0.520585
