0 0.73226 0.748599 0.721755 0.750875 0.713819 0.731092 0.724323 0.728817
0 0.734827 0.710084 0.718487 0.720238 0.692577 0.697129 0.708917 0.6868
0 0.731092 0.679622 0.712885 0.689076 0.690943 0.664916 0.709384 0.655637
0 0.732493 0.647934 0.714052 0.657388 0.695145 0.636555 0.713352 0.627276
0 0.727824 0.610994 0.711018 0.621849 0.689309 0.602591 0.706349 0.591737
0 0.738562 0.708333 0.751634 0.711485 0.742764 0.733368 0.729458 0.730392
0 0.739262 0.672794 0.758403 0.682598 0.738796 0.704307 0.719655 0.694328
0 0.733427 0.644608 0.751634 0.656162 0.733894 0.671919 0.715686 0.660364
0 0.732726 0.61152 0.749767 0.622374 0.730859 0.639356 0.713585 0.628676
0 0.727824 0.577906 0.744865 0.588761 0.725957 0.605742 0.708683 0.595063
0 0.721989 0.543943 0.743464 0.548845 0.735061 0.569153 0.713585 0.564251
0 0.728992 0.515581 0.745798 0.521008 0.735294 0.539566 0.718487 0.534139
0 0.729225 0.577906 0.709617 0.586134 0.696078 0.567577 0.71592 0.559524
0 0.730159 0.549545 0.709384 0.554272 0.699813 0.530637 0.720355 0.52591
0 0.729925 0.522584 0.708917 0.52591 0.702148 0.501576 0.723389 0.498424
0 0.731326 0.49895 0.714753 0.501576 0.709384 0.481092 0.725957 0.478466
0 0.731559 0.488971 0.748599 0.494398 0.737395 0.514181 0.720355 0.508929
