0 0.60086 0.40129 0.580026 0.407986 0.561508 0.375 0.582341 0.368304
0 0.611772 0.427083 0.592593 0.439236 0.559524 0.409722 0.578704 0.397321
0 0.622685 0.454861 0.603505 0.467014 0.570437 0.4375 0.589616 0.425099
0 0.632606 0.489583 0.611442 0.500248 0.582341 0.468502 0.603175 0.457837
0 0.647156 0.535962 0.624008 0.545635 0.592593 0.50372 0.616071 0.494048
0 0.657738 0.573909 0.63459 0.583581 0.605489 0.544891 0.628638 0.53497
0 0.662368 0.616815 0.637897 0.624752 0.614087 0.583829 0.638558 0.575893
0 0.669974 0.652282 0.645503 0.660218 0.621693 0.619296 0.646164 0.611359
0 0.673611 0.685764 0.648479 0.693948 0.625331 0.65377 0.650463 0.645585
0 0.681548 0.716022 0.662037 0.72247 0.643519 0.690724 0.66336 0.684276
0 0.597553 0.365823 0.616402 0.370288 0.602183 0.404514 0.583664 0.400298
0 0.606151 0.379712 0.625992 0.382688 0.616733 0.417411 0.596892 0.414435
0 0.611772 0.409226 0.631944 0.410714 0.627315 0.445933 0.606812 0.444444
0 0.622354 0.433532 0.644841 0.43502 0.638889 0.481399 0.616402 0.479911
0 0.632606 0.472966 0.656415 0.474702 0.650463 0.520585 0.626653 0.518849
0 0.645172 0.518849 0.670635 0.521081 0.664021 0.561508 0.638558 0.559276
0 0.658399 0.557292 0.68287 0.561508 0.670304 0.602431 0.646164 0.598462
0 0.666336 0.595238 0.691138 0.599454 0.678241 0.642361 0.65377 0.638393
0 0.67328 0.631944 0.698082 0.636161 0.685185 0.679067 0.660714 0.675099
0 0.681878 0.661954 0.704365 0.665923 0.691799 0.707589 0.669643 0.703869
0 0.684524 0.707341 0.698413 0.708333 0.693122 0.740079 0.679563 0.738839
