0 0.747432 0.460609 0.756769 0.471639 0.730392 0.484594 0.720822 0.473389
0 0.740196 0.477941 0.753735 0.48652 0.733193 0.504552 0.719888 0.496148
0 0.725724 0.51208 0.738562 0.520133 0.719888 0.536765 0.707049 0.528711
0 0.714986 0.543592 0.729458 0.552871 0.710317 0.569853 0.695845 0.560749
0 0.705649 0.578782 0.720121 0.58806 0.70098 0.605042 0.686508 0.595938
0 0.700047 0.613796 0.717087 0.622549 0.698413 0.643207 0.681373 0.634454
0 0.703081 0.641807 0.72479 0.648634 0.706349 0.681022 0.684641 0.674195
0 0.70915 0.676296 0.725724 0.684874 0.704015 0.708333 0.687675 0.69993
0 0.711485 0.702731 0.731793 0.709034 0.715686 0.737395 0.695612 0.730917
0 0.711951 0.740721 0.730626 0.743522 0.724556 0.765406 0.706116 0.762605
0 0.713819 0.77556 0.701447 0.783438 0.682773 0.766807 0.695378 0.758929
0 0.709617 0.744223 0.693744 0.754202 0.670635 0.733718 0.686508 0.723739
0 0.701681 0.714811 0.688375 0.72514 0.660364 0.704657 0.673669 0.694503
0 0.695145 0.683648 0.678571 0.694153 0.655229 0.673319 0.671802 0.662815
0 0.69958 0.655637 0.677638 0.664741 0.656396 0.635504 0.678338 0.626576
0 0.697479 0.620273 0.674837 0.623775 0.666667 0.592962 0.689309 0.589461
0 0.704949 0.582983 0.684874 0.584384 0.680906 0.554097 0.70098 0.552521
0 0.713819 0.545868 0.694911 0.548669 0.686741 0.518032 0.705649 0.515231
0 0.723389 0.51313 0.703548 0.516106 0.696545 0.489846 0.716153 0.486695
