0 0.649802 0.506944 0.636574 0.512401 0.615079 0.482639 0.627976 0.477183
0 0.656746 0.533978 0.643519 0.539435 0.622024 0.509673 0.634921 0.504216
0 0.664021 0.567708 0.649802 0.573661 0.622024 0.535466 0.636243 0.529514
0 0.670635 0.599206 0.656415 0.605159 0.628638 0.566964 0.642857 0.561012
0 0.680225 0.637153 0.666005 0.643105 0.638228 0.604911 0.652447 0.598958
0 0.689153 0.676339 0.674934 0.682292 0.647156 0.644097 0.661376 0.638145
0 0.697421 0.708085 0.683201 0.714038 0.655423 0.675843 0.669643 0.669891
0 0.699735 0.732887 0.686177 0.738343 0.665344 0.709821 0.678902 0.704117
0 0.646495 0.488591 0.66369 0.489831 0.659061 0.525298 0.641865 0.52381
0 0.653108 0.518601 0.673611 0.520089 0.668651 0.5563 0.648479 0.554812
0 0.661706 0.547867 0.681878 0.549355 0.676587 0.588294 0.656415 0.586806
0 0.667659 0.581845 0.687831 0.583333 0.68254 0.622272 0.662368 0.620784
0 0.676918 0.619296 0.69709 0.620784 0.691799 0.659722 0.671627 0.658234
0 0.685516 0.654762 0.705688 0.65625 0.700397 0.695188 0.680225 0.6937
0 0.69246 0.684028 0.712632 0.685516 0.707341 0.724454 0.687169 0.722966
0 0.698082 0.725942 0.709325 0.726687 0.706019 0.751488 0.694775 0.750744
0 0.653439 0.490079 0.631283 0.493552 0.619709 0.450893 0.641865 0.447421
