0 0.745565 0.499125 0.722222 0.514006 0.711485 0.504377 0.734827 0.489496
0 0.748833 0.515231 0.719188 0.530462 0.708217 0.518557 0.737862 0.503326
0 0.747199 0.531688 0.718721 0.546394 0.707283 0.533964 0.735761 0.519258
0 0.746499 0.553396 0.716387 0.568978 0.703548 0.554797 0.73366 0.539216
0 0.739262 0.589461 0.708917 0.605217 0.695845 0.590686 0.72619 0.575105
0 0.725724 0.620973 0.705182 0.640406 0.688842 0.630777 0.709384 0.611345
0 0.723856 0.655987 0.708917 0.678396 0.69071 0.671394 0.705882 0.64916
0 0.723156 0.695028 0.70915 0.715511 0.690943 0.708508 0.704949 0.688025
0 0.727124 0.729167 0.713119 0.74965 0.694911 0.742647 0.708917 0.722164
0 0.731559 0.759979 0.717554 0.780462 0.699346 0.773459 0.713352 0.752976
0 0.709851 0.488796 0.71732 0.512605 0.701914 0.515231 0.694444 0.491422
0 0.69071 0.503326 0.712885 0.526261 0.697712 0.534489 0.675537 0.511555
0 0.688609 0.525035 0.710784 0.547619 0.696078 0.555672 0.674136 0.532913
0 0.689309 0.551646 0.707516 0.57493 0.690943 0.582108 0.672969 0.558999
0 0.683007 0.592612 0.706583 0.605742 0.693978 0.618172 0.670635 0.605042
0 0.686275 0.634454 0.703548 0.652311 0.688142 0.660714 0.670868 0.642857
0 0.693511 0.671744 0.705649 0.691352 0.686508 0.697829 0.67437 0.678221
0 0.689776 0.706758 0.704248 0.72549 0.686041 0.733368 0.671569 0.714811
0 0.684874 0.739496 0.705415 0.756828 0.691643 0.766106 0.671102 0.748775
0 0.69888 0.778011 0.710084 0.802696 0.695612 0.806373 0.684407 0.781688
0 0.73226 0.473564 0.726891 0.497549 0.711251 0.495623 0.716853 0.471464
