0 0.74537 0.833333 0.733135 0.834325 0.730159 0.81126 0.742394 0.810516
0 0.729828 0.81002 0.717593 0.816468 0.700397 0.797123 0.712302 0.790923
0 0.722553 0.77877 0.710648 0.788194 0.689484 0.773065 0.70172 0.763641
0 0.718254 0.748264 0.705688 0.758185 0.683862 0.742312 0.696759 0.732391
0 0.717923 0.719246 0.70205 0.725942 0.6875 0.705853 0.703373 0.699405
0 0.719577 0.681796 0.703373 0.687004 0.689484 0.662202 0.705688 0.657242
0 0.727513 0.779762 0.742725 0.78745 0.729497 0.802331 0.714286 0.794395
0 0.724537 0.747768 0.738426 0.756696 0.721561 0.771577 0.707341 0.762649
0 0.721561 0.718998 0.734458 0.728919 0.717923 0.741071 0.704696 0.731151
0 0.722222 0.682292 0.735119 0.692212 0.718585 0.704365 0.705357 0.694444
0 0.72586 0.640129 0.741733 0.648065 0.723214 0.668155 0.707672 0.660218
0 0.72619 0.607639 0.740741 0.615079 0.723545 0.634177 0.708664 0.626736
0 0.717923 0.643849 0.70172 0.649058 0.687831 0.624256 0.704034 0.619296
0 0.718585 0.610615 0.703042 0.616815 0.686177 0.593254 0.701389 0.587054
0 0.727183 0.574901 0.741733 0.582341 0.723214 0.602927 0.708333 0.595486
0 0.719246 0.586806 0.702381 0.592014 0.690146 0.570188 0.70668 0.564732
0 0.72619 0.572917 0.704365 0.576389 0.695767 0.544891 0.717593 0.541419
