0 0.603641 0.755252 0.597106 0.756653 0.591737 0.743172 0.598039 0.741772
0 0.605275 0.726716 0.613912 0.727941 0.609244 0.744748 0.60084 0.743347
0 0.602474 0.729167 0.590803 0.735119 0.572596 0.715161 0.584267 0.709034
0 0.604342 0.710084 0.588002 0.715336 0.573763 0.689951 0.590103 0.684699
0 0.604809 0.680847 0.587768 0.683473 0.578198 0.647759 0.595238 0.645133
0 0.609711 0.646359 0.592437 0.647584 0.587535 0.611345 0.604809 0.609944
0 0.616013 0.608718 0.599673 0.61257 0.587068 0.582108 0.603641 0.578256
0 0.617647 0.578256 0.602474 0.581758 0.591036 0.554447 0.606443 0.55077
0 0.620215 0.55007 0.605042 0.553571 0.593604 0.526261 0.60901 0.522584
0 0.615313 0.696254 0.630019 0.703782 0.609244 0.726541 0.594538 0.719013
0 0.610878 0.665966 0.63212 0.672619 0.615313 0.702556 0.594071 0.695903
0 0.614379 0.632178 0.635621 0.638831 0.618814 0.668768 0.597572 0.662115
0 0.61788 0.598214 0.635387 0.603641 0.619514 0.631653 0.602007 0.626225
0 0.622549 0.567927 0.639356 0.574755 0.622082 0.598389 0.605509 0.591562
0 0.623716 0.539041 0.639589 0.545343 0.623716 0.566877 0.608077 0.560574
0 0.630952 0.532738 0.611811 0.537115 0.600607 0.509979 0.619748 0.505602
