0 0.701058 0.464038 0.684193 0.466766 0.676918 0.439236 0.693783 0.436508
0 0.699405 0.491071 0.681217 0.495288 0.66832 0.464286 0.686839 0.459821
0 0.697751 0.519345 0.675926 0.521329 0.669974 0.483383 0.691799 0.481399
0 0.696759 0.551091 0.674603 0.556796 0.657077 0.516865 0.679233 0.511409
0 0.692791 0.587302 0.671958 0.59251 0.654762 0.553075 0.675595 0.547867
0 0.691138 0.620784 0.670304 0.625992 0.653108 0.586558 0.673942 0.581349
0 0.691468 0.655754 0.672288 0.660466 0.65377 0.6188 0.67295 0.614087
0 0.690476 0.684276 0.671958 0.688988 0.655423 0.651786 0.674272 0.647321
0 0.690146 0.715526 0.672619 0.719742 0.657077 0.684524 0.674272 0.68006
0 0.705688 0.446181 0.718585 0.450149 0.702712 0.478671 0.689815 0.474454
0 0.703704 0.476935 0.720569 0.483135 0.703042 0.509673 0.686508 0.503472
0 0.70172 0.50372 0.719246 0.510169 0.698082 0.542411 0.680556 0.535962
0 0.699405 0.537946 0.716931 0.544395 0.695767 0.576637 0.678241 0.570188
0 0.696098 0.570685 0.713955 0.575893 0.69709 0.609623 0.679233 0.604415
0 0.695106 0.607639 0.713955 0.613095 0.698413 0.644593 0.679563 0.639137
0 0.698413 0.636161 0.717262 0.641617 0.701058 0.673115 0.682209 0.667659
0 0.695767 0.667659 0.714616 0.673115 0.698413 0.704613 0.679563 0.699157
0 0.691799 0.701885 0.705026 0.703621 0.697751 0.734623 0.684524 0.732887
