0 0.719246 0.422123 0.684854 0.427083 0.676257 0.393353 0.710648 0.388393
0 0.704365 0.436508 0.686839 0.44494 0.661376 0.416419 0.678902 0.407986
0 0.70668 0.464038 0.685847 0.47247 0.660714 0.437004 0.681548 0.428819
0 0.707672 0.500992 0.685847 0.507688 0.665344 0.470486 0.687169 0.46379
0 0.704034 0.539931 0.682209 0.544891 0.666997 0.506696 0.689153 0.501984
0 0.702712 0.578869 0.679563 0.584077 0.662037 0.540427 0.685516 0.535218
0 0.692791 0.622024 0.669974 0.625248 0.657738 0.577629 0.680556 0.574157
0 0.687831 0.662946 0.663029 0.666419 0.651124 0.619296 0.675926 0.615823
0 0.685516 0.69494 0.661376 0.700397 0.645833 0.660466 0.669974 0.65501
0 0.680886 0.725446 0.664021 0.730655 0.646495 0.699157 0.66336 0.6937
0 0.707341 0.417659 0.727183 0.422371 0.713294 0.455109 0.693452 0.450397
0 0.716931 0.443948 0.742063 0.454365 0.715608 0.489831 0.690807 0.479167
0 0.717593 0.476687 0.740741 0.486607 0.710648 0.527034 0.6875 0.517113
0 0.708995 0.517361 0.732143 0.52505 0.709987 0.562748 0.686839 0.555308
0 0.699074 0.56002 0.723214 0.565724 0.706349 0.604911 0.68254 0.599206
0 0.696759 0.596726 0.724868 0.605903 0.699735 0.648562 0.671958 0.639385
0 0.695767 0.639385 0.719246 0.649306 0.69213 0.685516 0.668651 0.675595
0 0.689815 0.675843 0.713624 0.68378 0.693452 0.71875 0.669312 0.711062
