0 0.521825 0.520337 0.506614 0.53001 0.481481 0.50744 0.496693 0.497768
0 0.536045 0.546875 0.520833 0.556548 0.491733 0.530506 0.506944 0.520833
0 0.550926 0.580357 0.533399 0.589286 0.505622 0.55878 0.522817 0.550099
0 0.569114 0.618304 0.54828 0.631448 0.506614 0.594494 0.527447 0.581349
0 0.58664 0.663442 0.565807 0.673363 0.531085 0.632688 0.551918 0.622768
0 0.603505 0.700149 0.584987 0.71131 0.54795 0.675843 0.566138 0.664931
0 0.619048 0.734375 0.601852 0.744544 0.570437 0.714534 0.587632 0.704365
0 0.634259 0.773562 0.625 0.779018 0.599206 0.754464 0.608135 0.749008
0 0.515212 0.481647 0.534061 0.483135 0.529762 0.514881 0.510913 0.513641
0 0.522817 0.495288 0.542659 0.496776 0.537698 0.53621 0.517857 0.534722
0 0.529762 0.526538 0.554563 0.526538 0.554563 0.566716 0.529762 0.566716
0 0.516204 0.503224 0.504299 0.510417 0.478175 0.487103 0.489749 0.479911
0 0.518519 0.497024 0.499669 0.498264 0.49537 0.466518 0.51422 0.46503
0 0.546958 0.564236 0.571759 0.564236 0.571759 0.604415 0.546958 0.604415
0 0.5625 0.601687 0.588294 0.601687 0.588294 0.643601 0.5625 0.643601
0 0.579034 0.643353 0.604828 0.643353 0.604828 0.685268 0.579034 0.685268
0 0.600529 0.681052 0.626323 0.681052 0.626323 0.722966 0.600529 0.722966
0 0.645503 0.75124 0.623016 0.754712 0.614087 0.720982 0.636574 0.71751
