0 0.726852 0.499752 0.707011 0.504464 0.695106 0.475942 0.714947 0.471478
0 0.723876 0.520337 0.704034 0.52505 0.69213 0.496528 0.711971 0.492063
0 0.715939 0.543899 0.694775 0.548611 0.682209 0.518353 0.703704 0.513393
0 0.705026 0.573165 0.682209 0.576389 0.671958 0.53745 0.694444 0.533978
0 0.697421 0.602927 0.675595 0.606151 0.666336 0.571677 0.688161 0.568452
0 0.688823 0.639137 0.664352 0.642609 0.653439 0.601935 0.67791 0.598462
0 0.67791 0.667411 0.65377 0.671627 0.641204 0.6312 0.665344 0.626984
0 0.67295 0.695188 0.650132 0.700893 0.633267 0.66369 0.656085 0.657738
0 0.670304 0.720238 0.651455 0.726935 0.633598 0.697421 0.652447 0.690724
0 0.716601 0.453621 0.739087 0.455109 0.735119 0.484871 0.712632 0.483383
0 0.740741 0.464286 0.75959 0.471974 0.738757 0.500992 0.719907 0.493056
0 0.739087 0.483135 0.756614 0.492312 0.732143 0.519345 0.714286 0.510169
0 0.733466 0.506448 0.75 0.516865 0.721892 0.541915 0.705357 0.531746
0 0.726521 0.531498 0.743056 0.541915 0.714947 0.566964 0.698413 0.556796
0 0.715278 0.557292 0.731812 0.567708 0.703704 0.592758 0.687169 0.582589
0 0.700066 0.580853 0.719577 0.58879 0.695437 0.622272 0.675926 0.614335
0 0.694775 0.618552 0.712963 0.627728 0.684193 0.659474 0.665675 0.650298
0 0.68254 0.649554 0.701389 0.657242 0.678241 0.68874 0.659722 0.681052
0 0.678241 0.677827 0.696759 0.685516 0.67328 0.717262 0.655093 0.709821
0 0.664352 0.717014 0.674934 0.717014 0.674934 0.740327 0.664352 0.740327
