0 0.714286 0.573704 0.696078 0.577906 0.684641 0.54972 0.702848 0.545518
0 0.711018 0.605742 0.691643 0.610294 0.678338 0.577731 0.697712 0.573354
0 0.706583 0.63848 0.686275 0.642332 0.67507 0.607668 0.695378 0.603817
0 0.705649 0.671043 0.685341 0.67507 0.673669 0.640581 0.693978 0.636555
0 0.703081 0.704832 0.682773 0.709034 0.669001 0.672794 0.689076 0.668417
0 0.702614 0.740896 0.680906 0.745623 0.6669 0.709209 0.688842 0.704482
0 0.700047 0.772059 0.678338 0.776786 0.664332 0.740371 0.686275 0.735644
0 0.699346 0.80042 0.683707 0.805147 0.6662 0.772234 0.681839 0.767507
0 0.711718 0.558473 0.731793 0.5632 0.719188 0.593487 0.699346 0.588936
0 0.713819 0.585609 0.734127 0.590161 0.719421 0.626225 0.699113 0.621499
0 0.711485 0.520483 0.733193 0.523634 0.723389 0.559524 0.701681 0.556197
0 0.704248 0.513305 0.724556 0.514881 0.720121 0.547619 0.699813 0.546043
0 0.707283 0.617997 0.731326 0.623599 0.715686 0.661064 0.691643 0.655462
0 0.70775 0.656338 0.731559 0.66194 0.716853 0.697479 0.693044 0.691877
0 0.705415 0.690301 0.728291 0.695728 0.713819 0.730567 0.690943 0.725315
0 0.703315 0.72409 0.72619 0.729517 0.711718 0.764356 0.688842 0.759104
0 0.704482 0.753676 0.727358 0.759104 0.712885 0.793943 0.690009 0.78869
0 0.701214 0.787115 0.717087 0.790616 0.706583 0.816176 0.69071 0.812675
0 0.693978 0.822129 0.686275 0.823179 0.681139 0.804097 0.688609 0.802871
