0 0.635854 0.568102 0.62395 0.579307 0.587302 0.557598 0.599206 0.546394
0 0.651727 0.581232 0.644491 0.595763 0.603641 0.583859 0.611111 0.569503
0 0.675303 0.608368 0.668067 0.622899 0.627218 0.610994 0.634687 0.596639
0 0.702848 0.63778 0.695612 0.652311 0.654762 0.640406 0.662232 0.62605
0 0.730159 0.668417 0.721055 0.682073 0.684874 0.668417 0.694211 0.654587
0 0.752101 0.700455 0.739729 0.71201 0.703548 0.690476 0.715686 0.678922
0 0.76704 0.731618 0.752334 0.742997 0.722689 0.721464 0.737628 0.709909
0 0.639589 0.557248 0.620682 0.567052 0.591036 0.534314 0.609944 0.524685
0 0.654762 0.579482 0.634687 0.581057 0.630486 0.55077 0.650794 0.54937
0 0.672502 0.599965 0.652428 0.601541 0.648226 0.571254 0.668534 0.569853
0 0.697712 0.626225 0.67577 0.627976 0.670868 0.591912 0.69281 0.590161
0 0.724323 0.653887 0.701447 0.655637 0.696312 0.618873 0.719421 0.617122
0 0.75 0.690651 0.726891 0.692402 0.721522 0.651611 0.744631 0.64986
0 0.748599 0.682598 0.771709 0.682598 0.771709 0.723389 0.748599 0.723389
0 0.763772 0.717612 0.786648 0.719363 0.782213 0.752276 0.759337 0.7507
0 0.773109 0.764181 0.763539 0.767857 0.745565 0.741947 0.754902 0.73827
0 0.790149 0.773985 0.781279 0.777486 0.765406 0.754727 0.77451 0.751225
0 0.781046 0.795693 0.774043 0.796043 0.772176 0.778361 0.779178 0.777836
