0 0.700397 0.615327 0.679894 0.622024 0.659392 0.585565 0.679894 0.579117
0 0.699735 0.649058 0.678902 0.655506 0.656085 0.614583 0.676587 0.608135
0 0.701058 0.682788 0.680225 0.689236 0.657407 0.648313 0.67791 0.641865
0 0.708995 0.721726 0.688161 0.728175 0.665344 0.687252 0.685847 0.680804
0 0.716931 0.760169 0.696098 0.766617 0.67328 0.725694 0.693783 0.719246
0 0.725529 0.797619 0.704696 0.804067 0.681878 0.763145 0.702381 0.756696
0 0.730489 0.829365 0.710979 0.835317 0.693122 0.803323 0.712302 0.797371
0 0.683532 0.544395 0.706019 0.545883 0.700728 0.585317 0.678241 0.583581
0 0.694775 0.571429 0.717593 0.574901 0.708995 0.606151 0.686508 0.602679
0 0.701389 0.595734 0.723876 0.600694 0.708664 0.637153 0.686508 0.631944
0 0.701389 0.629216 0.723876 0.634177 0.708664 0.670635 0.686508 0.665427
0 0.703704 0.663194 0.72619 0.668155 0.710979 0.704613 0.688823 0.699405
0 0.706019 0.697669 0.728505 0.700893 0.717593 0.741567 0.695106 0.738095
0 0.709656 0.735615 0.734127 0.737351 0.728836 0.776538 0.704365 0.774802
0 0.716931 0.776042 0.74041 0.778026 0.73578 0.813988 0.711971 0.812252
0 0.743386 0.84871 0.729828 0.850694 0.722884 0.823909 0.736111 0.821925
0 0.733796 0.878224 0.723545 0.878968 0.719577 0.851438 0.730159 0.850694
