0 0.694444 0.532738 0.678241 0.536706 0.665344 0.505704 0.681878 0.501736
0 0.694444 0.532986 0.678241 0.536954 0.665344 0.505952 0.681878 0.501984
0 0.692791 0.563244 0.676587 0.567212 0.664683 0.538442 0.681217 0.534474
0 0.688161 0.589782 0.671958 0.59375 0.660053 0.56498 0.676587 0.561012
0 0.696098 0.620784 0.676918 0.626984 0.658069 0.593502 0.677579 0.587302
0 0.699735 0.65377 0.684854 0.65997 0.661045 0.627232 0.676257 0.621032
0 0.709987 0.682044 0.694444 0.689732 0.666336 0.65873 0.681548 0.650794
0 0.715278 0.709573 0.702712 0.716022 0.676257 0.687252 0.688823 0.680556
0 0.701058 0.493056 0.716601 0.498016 0.699735 0.528026 0.684193 0.523065
0 0.688161 0.481895 0.70668 0.484623 0.698743 0.513145 0.680225 0.510417
0 0.697421 0.519841 0.713294 0.524802 0.69709 0.553571 0.681217 0.548611
0 0.690807 0.547123 0.708995 0.551339 0.696759 0.581349 0.678241 0.577133
0 0.695437 0.577133 0.712963 0.582589 0.69709 0.611359 0.679233 0.605655
0 0.700397 0.609127 0.717262 0.614335 0.70172 0.642609 0.684524 0.637153
0 0.706019 0.640129 0.724206 0.645833 0.708995 0.673115 0.690807 0.667163
0 0.710317 0.667411 0.728836 0.670387 0.720569 0.701389 0.70172 0.698661
0 0.715608 0.697917 0.73082 0.697917 0.73082 0.724454 0.715608 0.724454
0 0.72586 0.738343 0.717593 0.741815 0.702712 0.721478 0.710648 0.718006
