0 0.722553 0.506696 0.741733 0.506696 0.741733 0.534226 0.722553 0.534226
0 0.743717 0.555804 0.728505 0.560516 0.713624 0.534226 0.728836 0.529266
0 0.744378 0.578125 0.728175 0.583085 0.71164 0.553323 0.727844 0.548363
0 0.744709 0.606151 0.728505 0.611111 0.711971 0.581349 0.728175 0.576389
0 0.744048 0.637649 0.72619 0.643105 0.707011 0.608631 0.724868 0.602927
0 0.743386 0.669147 0.725529 0.674603 0.706349 0.640129 0.724206 0.634425
0 0.742394 0.702381 0.724537 0.707837 0.705357 0.673363 0.723214 0.667659
0 0.741402 0.734375 0.723545 0.739831 0.704365 0.705357 0.722222 0.699653
0 0.741071 0.758681 0.723545 0.764137 0.707672 0.735367 0.725198 0.729911
0 0.72619 0.770337 0.733796 0.770337 0.733796 0.786706 0.72619 0.786706
0 0.739087 0.519593 0.753968 0.521577 0.747024 0.546627 0.732474 0.544395
0 0.74041 0.540427 0.757275 0.542907 0.750331 0.5687 0.733466 0.565972
0 0.743717 0.56498 0.761574 0.569196 0.75 0.596726 0.732474 0.59251
0 0.747685 0.593502 0.76455 0.598958 0.749669 0.625496 0.732474 0.620288
0 0.747354 0.627232 0.76422 0.632688 0.749339 0.659226 0.732143 0.654018
0 0.749008 0.659226 0.765542 0.666171 0.746362 0.69246 0.729828 0.685516
0 0.747685 0.690724 0.763889 0.697421 0.744048 0.724454 0.727844 0.717758
0 0.748677 0.718006 0.763558 0.724206 0.74504 0.749256 0.730159 0.743304
0 0.747685 0.772817 0.738426 0.773313 0.73578 0.75124 0.74504 0.750496
0 0.74537 0.8063 0.739087 0.806548 0.736442 0.788194 0.742725 0.787698
