0 0.756283 0.654266 0.740079 0.660962 0.721892 0.635665 0.738095 0.629216
0 0.755952 0.682044 0.737103 0.687996 0.720238 0.657738 0.738757 0.651786
0 0.755291 0.681052 0.736442 0.687004 0.719577 0.656746 0.738095 0.650794
0 0.760913 0.714286 0.742063 0.720238 0.725198 0.68998 0.743717 0.684028
0 0.764881 0.742312 0.747024 0.749504 0.72586 0.720734 0.743717 0.713294
0 0.767196 0.768353 0.751984 0.774802 0.730489 0.745536 0.746032 0.739087
0 0.770503 0.789931 0.757606 0.796379 0.735119 0.771577 0.747685 0.765129
0 0.77414 0.817708 0.766534 0.820188 0.759259 0.807044 0.766865 0.804563
0 0.762235 0.624008 0.777447 0.631696 0.75959 0.65129 0.744709 0.643601
0 0.761574 0.645833 0.777778 0.652282 0.760582 0.676091 0.744378 0.669395
0 0.766865 0.669643 0.78373 0.678571 0.759259 0.705357 0.742063 0.696677
0 0.760582 0.600446 0.779762 0.606399 0.76455 0.633681 0.74504 0.62748
0 0.756614 0.632937 0.736772 0.637649 0.723876 0.605903 0.743717 0.60119
0 0.767196 0.69494 0.785714 0.701389 0.766865 0.732391 0.748347 0.725942
0 0.765542 0.725198 0.783399 0.729663 0.769511 0.760417 0.751653 0.755704
0 0.774802 0.752728 0.791336 0.758433 0.775132 0.784722 0.758929 0.779018
0 0.771495 0.784474 0.781746 0.784722 0.780754 0.804563 0.770833 0.804563
