0 0.730859 0.466737 0.750467 0.469713 0.742063 0.501401 0.722222 0.498424
0 0.733894 0.52556 0.716153 0.528186 0.706583 0.493172 0.724556 0.490371
0 0.729692 0.557598 0.711951 0.560224 0.702381 0.52521 0.720355 0.522409
0 0.725957 0.589111 0.707516 0.591737 0.698646 0.558824 0.717087 0.556197
0 0.722689 0.621324 0.705649 0.62535 0.691176 0.590161 0.708217 0.586134
0 0.725724 0.655637 0.70915 0.660889 0.690009 0.626926 0.706583 0.621674
0 0.727358 0.6882 0.710784 0.693452 0.691643 0.659489 0.708217 0.654237
0 0.72549 0.713235 0.710784 0.719363 0.689542 0.690126 0.704482 0.684174
0 0.725724 0.743697 0.716853 0.744398 0.714052 0.723389 0.722689 0.722689
0 0.746732 0.485819 0.763305 0.494398 0.741597 0.518207 0.725023 0.509629
0 0.737395 0.514531 0.753268 0.521183 0.73436 0.546919 0.718487 0.540441
0 0.733193 0.542542 0.750233 0.547794 0.733427 0.577731 0.716387 0.572304
0 0.731092 0.57528 0.748133 0.580532 0.731326 0.610469 0.714286 0.605042
0 0.729225 0.605392 0.749767 0.612045 0.731793 0.644258 0.711251 0.637605
0 0.726891 0.640056 0.745331 0.642857 0.735994 0.677346 0.717554 0.674545
0 0.728525 0.674895 0.745798 0.678922 0.735061 0.704832 0.717787 0.700805
0 0.737862 0.729867 0.726424 0.730742 0.723156 0.705882 0.734594 0.705007
