0 0.723876 0.575397 0.704365 0.579861 0.690476 0.545635 0.709656 0.541171
0 0.723545 0.575149 0.704034 0.579613 0.690146 0.545387 0.709325 0.540923
0 0.727183 0.600694 0.708995 0.606399 0.69213 0.576389 0.710317 0.570685
0 0.731151 0.623264 0.713624 0.630456 0.692791 0.601935 0.710317 0.594742
0 0.732143 0.65749 0.713624 0.663442 0.694444 0.629464 0.713294 0.623512
0 0.736772 0.692212 0.718254 0.697917 0.697751 0.66121 0.71627 0.655506
0 0.738757 0.724454 0.720238 0.730159 0.699735 0.693452 0.718254 0.687748
0 0.740741 0.756696 0.722222 0.762401 0.70172 0.725694 0.720238 0.71999
0 0.74041 0.785466 0.726852 0.789931 0.709987 0.760417 0.723545 0.755952
0 0.739087 0.781746 0.748677 0.781746 0.748677 0.80506 0.739087 0.80506
0 0.731151 0.802331 0.738426 0.802331 0.738426 0.823165 0.731151 0.823165
0 0.720238 0.551339 0.740741 0.553819 0.733466 0.58755 0.712963 0.585069
0 0.72586 0.577381 0.746032 0.580853 0.73578 0.614087 0.715608 0.610615
0 0.73578 0.606399 0.755622 0.611111 0.741071 0.645337 0.72123 0.640625
0 0.740079 0.638641 0.758929 0.643353 0.743386 0.679563 0.724537 0.675099
0 0.738426 0.674107 0.757606 0.677827 0.745701 0.713046 0.726521 0.709325
0 0.738426 0.710069 0.75959 0.715774 0.744378 0.747272 0.723214 0.741567
0 0.740079 0.740575 0.759259 0.744544 0.747685 0.775546 0.728175 0.771329
