0 0.616013 0.518908 0.633754 0.520483 0.629085 0.550595 0.611111 0.54902
0 0.627684 0.547619 0.645425 0.549195 0.640756 0.579307 0.622782 0.577731
0 0.637488 0.574405 0.656863 0.57458 0.655929 0.609944 0.636555 0.609769
0 0.653828 0.606443 0.67577 0.606793 0.674837 0.642332 0.652894 0.641982
0 0.693044 0.672444 0.671102 0.672969 0.669701 0.637255 0.691643 0.63673
0 0.709851 0.699405 0.687908 0.69993 0.686508 0.664216 0.70845 0.66369
0 0.704482 0.695378 0.725957 0.697129 0.722456 0.722164 0.700747 0.720413
0 0.73366 0.740721 0.722456 0.743697 0.713119 0.723915 0.724323 0.720938
0 0.628618 0.560399 0.614846 0.569153 0.588702 0.545868 0.602474 0.53729
0 0.640756 0.591387 0.626751 0.60014 0.598739 0.575105 0.612512 0.566352
0 0.65733 0.622374 0.643324 0.631127 0.615313 0.606092 0.629085 0.597339
0 0.673669 0.653711 0.658964 0.662815 0.629785 0.63673 0.644258 0.627626
0 0.689542 0.683123 0.674837 0.692227 0.645658 0.666141 0.660131 0.657038
0 0.707516 0.705707 0.695612 0.716912 0.659897 0.695728 0.671802 0.684524
0 0.719888 0.728116 0.70915 0.738445 0.67577 0.718662 0.686741 0.708333
0 0.728992 0.758228 0.721755 0.759279 0.717787 0.744398 0.72479 0.743172
0 0.615313 0.534839 0.595938 0.540791 0.57563 0.502276 0.595005 0.496324
