0 0.699113 0.538866 0.678805 0.541842 0.669935 0.509629 0.690476 0.506478
0 0.694444 0.572829 0.677871 0.57528 0.668301 0.540091 0.685107 0.537465
0 0.694211 0.610994 0.674603 0.615546 0.65943 0.578431 0.679038 0.57388
0 0.690476 0.653711 0.662698 0.658088 0.651027 0.614671 0.678805 0.610469
0 0.689076 0.694678 0.666433 0.699755 0.648926 0.657213 0.671569 0.651961
0 0.689542 0.739496 0.665266 0.745273 0.647526 0.702031 0.671802 0.696429
0 0.687442 0.77451 0.665966 0.779587 0.648226 0.736345 0.669701 0.731268
0 0.68324 0.807248 0.672736 0.808824 0.667134 0.78764 0.677638 0.786064
0 0.70845 0.492997 0.726657 0.5 0.707983 0.527136 0.690009 0.520308
0 0.701681 0.52486 0.721522 0.530987 0.704949 0.561625 0.685107 0.555497
0 0.694211 0.470763 0.717787 0.474615 0.70775 0.509979 0.68394 0.506127
0 0.697246 0.559524 0.717087 0.565651 0.700747 0.595938 0.680906 0.589811
0 0.693044 0.594538 0.713819 0.599265 0.698413 0.638305 0.677404 0.633754
0 0.690943 0.63638 0.715686 0.641807 0.700047 0.681723 0.67507 0.67612
0 0.690243 0.677521 0.712418 0.682423 0.697479 0.720413 0.675303 0.715511
0 0.691176 0.719013 0.712885 0.723915 0.697946 0.761555 0.676237 0.756653
0 0.69071 0.759629 0.707283 0.76348 0.695145 0.793943 0.678571 0.790266
0 0.686508 0.804797 0.693511 0.805322 0.691176 0.824405 0.684174 0.824055
