0 0.646125 0.570378 0.626984 0.576506 0.607843 0.542542 0.626984 0.536415
0 0.646125 0.602591 0.627218 0.608718 0.602941 0.565651 0.621849 0.559524
0 0.645191 0.63638 0.62465 0.643032 0.60084 0.601015 0.621382 0.594363
0 0.644958 0.672969 0.624416 0.679622 0.600607 0.637605 0.621148 0.630952
0 0.644491 0.708508 0.624883 0.714811 0.603408 0.676821 0.623249 0.670518
0 0.650093 0.739496 0.630252 0.745798 0.613445 0.715861 0.633053 0.709559
0 0.647526 0.546218 0.628385 0.552346 0.609244 0.518382 0.628385 0.512255
0 0.635854 0.482143 0.655929 0.484944 0.646359 0.521709 0.626517 0.518908
0 0.653361 0.49965 0.671102 0.505427 0.652661 0.537465 0.634921 0.531688
0 0.651027 0.526786 0.668768 0.532563 0.650327 0.564601 0.632586 0.558824
0 0.65056 0.555847 0.668067 0.560049 0.653828 0.593838 0.636321 0.589636
0 0.651027 0.594013 0.668301 0.599615 0.651494 0.628676 0.63422 0.623074
0 0.651027 0.622199 0.670168 0.628501 0.650327 0.66229 0.631186 0.656162
0 0.646825 0.657913 0.6655 0.66229 0.651261 0.695903 0.632586 0.691527
0 0.64916 0.687325 0.665966 0.690126 0.655462 0.726891 0.638655 0.724265
0 0.65873 0.757003 0.647526 0.757703 0.644958 0.734769 0.655929 0.733894
