0 0.666667 0.506448 0.648479 0.507937 0.644511 0.477431 0.662698 0.47619
0 0.679894 0.530754 0.661706 0.532242 0.657738 0.501736 0.675926 0.500496
0 0.694114 0.557292 0.675265 0.55878 0.670966 0.525298 0.689484 0.52381
0 0.707011 0.588046 0.686839 0.588294 0.685516 0.554067 0.705688 0.553571
0 0.722553 0.62004 0.700397 0.620536 0.698743 0.582341 0.72123 0.581845
0 0.714947 0.614583 0.737103 0.61756 0.728505 0.655258 0.706349 0.65253
0 0.72123 0.648313 0.746032 0.653522 0.734458 0.685516 0.709325 0.680308
0 0.723876 0.687004 0.738095 0.6875 0.736772 0.708829 0.722222 0.708333
0 0.727183 0.723462 0.717593 0.72619 0.708995 0.708333 0.718585 0.705605
0 0.651455 0.486359 0.63459 0.491567 0.618717 0.463542 0.635582 0.458085
0 0.666997 0.516865 0.651786 0.52629 0.625661 0.502976 0.640542 0.493552
0 0.675595 0.538442 0.662037 0.548859 0.632606 0.52753 0.646495 0.517113
0 0.690476 0.565476 0.673611 0.578373 0.640542 0.554315 0.657407 0.541419
0 0.703373 0.598462 0.686839 0.609127 0.657407 0.582837 0.673942 0.572421
0 0.713955 0.630704 0.696098 0.639881 0.669974 0.611607 0.688161 0.602431
0 0.722222 0.66121 0.704365 0.670387 0.678241 0.642113 0.696429 0.632937
0 0.724537 0.688492 0.710317 0.697669 0.683862 0.673859 0.698082 0.664931
