0 0.643791 0.390756 0.6669 0.391457 0.664799 0.433824 0.64169 0.433123
0 0.657563 0.46341 0.638655 0.468838 0.618581 0.428922 0.637488 0.423494
0 0.658263 0.491772 0.639356 0.497199 0.619281 0.457283 0.638189 0.451856
0 0.654762 0.524335 0.633987 0.530287 0.612979 0.48862 0.633987 0.482668
0 0.655462 0.558473 0.63422 0.564426 0.61648 0.529237 0.637722 0.523109
0 0.65733 0.596289 0.636088 0.602241 0.618347 0.567052 0.639589 0.560924
0 0.657096 0.629727 0.635854 0.635679 0.618114 0.60049 0.639356 0.594363
0 0.65733 0.66264 0.636088 0.668592 0.618347 0.633403 0.639589 0.627276
0 0.65873 0.690651 0.637488 0.696604 0.619748 0.661415 0.64099 0.655287
0 0.657096 0.729517 0.644491 0.731968 0.635154 0.705707 0.647759 0.703081
0 0.663165 0.416842 0.683007 0.423845 0.663165 0.455532 0.643324 0.448529
0 0.664566 0.443627 0.684407 0.45063 0.664566 0.482318 0.644725 0.475315
0 0.660598 0.47514 0.680439 0.482143 0.660598 0.513831 0.640756 0.506828
0 0.657796 0.509979 0.677638 0.516982 0.657796 0.548669 0.637955 0.541667
0 0.660131 0.548494 0.679972 0.555497 0.660131 0.587185 0.640289 0.580182
0 0.661998 0.581057 0.681839 0.58806 0.661998 0.619748 0.642157 0.612745
0 0.663866 0.613796 0.68324 0.620623 0.661064 0.656162 0.64169 0.649335
0 0.666433 0.644608 0.686741 0.651786 0.6669 0.683648 0.646592 0.676471
0 0.655929 0.679622 0.679505 0.682073 0.673436 0.714986 0.649627 0.71236
