0 0.717787 0.51208 0.697946 0.51348 0.693978 0.484769 0.713819 0.483368
0 0.711485 0.541317 0.691643 0.542717 0.687675 0.514006 0.707516 0.512605
0 0.704248 0.571254 0.684874 0.57423 0.676471 0.543592 0.696078 0.540616
0 0.698646 0.604167 0.677638 0.607493 0.669001 0.575805 0.690009 0.572654
0 0.694444 0.639181 0.674837 0.642157 0.665966 0.609594 0.685574 0.606443
0 0.689309 0.673144 0.669701 0.67612 0.660831 0.643557 0.680439 0.640406
0 0.686508 0.708333 0.665966 0.711485 0.655929 0.67472 0.676704 0.671569
0 0.684874 0.733193 0.666433 0.737395 0.652894 0.704307 0.671102 0.700105
0 0.665733 0.736169 0.679272 0.736169 0.679272 0.761204 0.665733 0.761204
0 0.720121 0.44958 0.742063 0.454657 0.728291 0.487745 0.706583 0.482668
0 0.726657 0.475315 0.742997 0.480392 0.728291 0.506478 0.711951 0.501401
0 0.722689 0.5 0.739262 0.506828 0.719888 0.533263 0.703548 0.526611
0 0.71732 0.529237 0.733894 0.536064 0.714519 0.5625 0.698179 0.555847
0 0.709851 0.559524 0.726424 0.566352 0.707049 0.592787 0.69071 0.586134
0 0.702848 0.590336 0.721989 0.596464 0.704482 0.627276 0.685341 0.621324
0 0.698179 0.624825 0.71732 0.630952 0.699813 0.661765 0.680672 0.655812
0 0.697012 0.660014 0.715453 0.667542 0.693978 0.696954 0.67577 0.689426
0 0.699813 0.693277 0.715686 0.701506 0.693744 0.72549 0.677871 0.717262
0 0.69211 0.772059 0.684641 0.773284 0.680205 0.756653 0.687675 0.755427
0 0.69281 0.717087 0.708917 0.723564 0.69211 0.746499 0.676237 0.740021
