0 0.752315 0.656002 0.734458 0.661458 0.722884 0.641121 0.740741 0.635665
0 0.751323 0.680556 0.733466 0.686012 0.719577 0.661706 0.737434 0.65625
0 0.745701 0.703621 0.729828 0.707341 0.718585 0.679315 0.734127 0.675843
0 0.738095 0.72495 0.721892 0.727431 0.714286 0.698661 0.730159 0.696181
0 0.731151 0.751984 0.71627 0.754216 0.707341 0.720486 0.721892 0.718254
0 0.729497 0.780506 0.714947 0.783978 0.70205 0.752232 0.71627 0.749008
0 0.724206 0.800595 0.710648 0.804812 0.693452 0.774554 0.707011 0.770089
0 0.728175 0.818948 0.716601 0.826389 0.699405 0.81126 0.710979 0.803819
0 0.739418 0.6188 0.755622 0.6188 0.755622 0.645089 0.739418 0.645089
0 0.757275 0.654266 0.771495 0.663442 0.753307 0.679812 0.738757 0.670635
0 0.756614 0.672371 0.770833 0.681548 0.752646 0.697917 0.738095 0.68874
0 0.753968 0.698909 0.765542 0.709821 0.744378 0.72247 0.732804 0.711558
0 0.756614 0.727431 0.761243 0.740823 0.730489 0.747272 0.725529 0.733879
0 0.75 0.75496 0.75463 0.768353 0.723876 0.774802 0.718915 0.761409
0 0.748677 0.781002 0.753638 0.794643 0.723545 0.800843 0.718585 0.787202
0 0.747024 0.794643 0.758598 0.805804 0.733796 0.820437 0.722222 0.809276
0 0.729828 0.81622 0.740079 0.817212 0.737765 0.836062 0.727183 0.835069
0 0.729828 0.842262 0.721561 0.843998 0.713955 0.826141 0.722222 0.824157
0 0.743056 0.856895 0.734788 0.858631 0.727183 0.840774 0.73545 0.83879
