0 0.578373 0.547867 0.569775 0.558036 0.536706 0.541915 0.545304 0.531994
0 0.837963 0.781994 0.829365 0.782738 0.82705 0.764633 0.835648 0.764137
0 0.843585 0.762401 0.835317 0.763641 0.830357 0.74504 0.838624 0.7438
0 0.835979 0.732391 0.81746 0.735367 0.80754 0.699157 0.826389 0.696429
0 0.812831 0.702877 0.790675 0.706349 0.780093 0.667907 0.802579 0.664683
0 0.783399 0.669891 0.761574 0.677579 0.737765 0.638889 0.759921 0.6312
0 0.741402 0.637897 0.721561 0.645337 0.696429 0.607143 0.71627 0.599702
0 0.700066 0.607391 0.684193 0.6188 0.644841 0.587798 0.660714 0.576389
0 0.656415 0.583581 0.642526 0.59375 0.604497 0.563988 0.618717 0.553819
0 0.616071 0.563244 0.604828 0.574901 0.568783 0.555308 0.579696 0.543651
0 0.833003 0.741815 0.822421 0.752232 0.794312 0.735863 0.804894 0.725446
0 0.815476 0.714286 0.806217 0.725446 0.772156 0.709325 0.781415 0.698165
0 0.787037 0.684772 0.776455 0.697173 0.732474 0.676587 0.742725 0.663938
0 0.752976 0.654762 0.742063 0.667659 0.694114 0.645089 0.705026 0.632192
0 0.715278 0.624008 0.706019 0.637649 0.655423 0.6188 0.664352 0.605159
0 0.664021 0.599454 0.657077 0.613591 0.60582 0.598958 0.612765 0.585069
0 0.626323 0.577133 0.619709 0.590774 0.571429 0.577133 0.578373 0.563492
0 0.585979 0.56126 0.579696 0.573909 0.534722 0.561012 0.541005 0.548611
0 0.550595 0.543651 0.544643 0.555556 0.502646 0.543651 0.508598 0.531746
