0 0.635913 0.514881 0.651455 0.517113 0.64418 0.543155 0.628968 0.540675
0 0.639881 0.537946 0.655754 0.540427 0.647487 0.569692 0.631944 0.56746
0 0.641865 0.56622 0.657738 0.5687 0.649471 0.597966 0.633929 0.595734
0 0.645172 0.593998 0.662368 0.596478 0.65377 0.627728 0.636574 0.625248
0 0.648479 0.622768 0.666005 0.625496 0.657077 0.658234 0.63955 0.655754
0 0.651786 0.653026 0.669312 0.655754 0.660384 0.688492 0.642857 0.686012
0 0.654762 0.679067 0.670304 0.6813 0.662698 0.709573 0.647156 0.707341
0 0.651786 0.716022 0.659061 0.716022 0.659061 0.731399 0.651786 0.731399
0 0.652447 0.743552 0.65873 0.743552 0.65873 0.75744 0.652447 0.75744
0 0.650794 0.739831 0.64418 0.742063 0.636574 0.728423 0.643188 0.726438
0 0.653108 0.71875 0.641534 0.722222 0.628307 0.698413 0.63955 0.69494
0 0.651455 0.697669 0.638558 0.701637 0.622354 0.672619 0.634921 0.668651
0 0.649471 0.668403 0.636574 0.672371 0.62037 0.643353 0.632937 0.639385
0 0.647487 0.639633 0.632606 0.644097 0.615741 0.614087 0.630291 0.609623
0 0.643519 0.608383 0.628638 0.613095 0.613426 0.585565 0.628307 0.580853
0 0.641865 0.579861 0.626984 0.584573 0.611772 0.557044 0.626653 0.552331
0 0.641204 0.551835 0.625992 0.556548 0.611442 0.530258 0.626323 0.525546
0 0.643188 0.513393 0.625661 0.517609 0.613426 0.488343 0.630952 0.484375
