0 0.672502 0.809699 0.664566 0.810399 0.661531 0.78869 0.669468 0.78799
0 0.656162 0.808824 0.663399 0.808824 0.663399 0.826155 0.656162 0.826155
0 0.661998 0.790616 0.647759 0.796394 0.629552 0.771183 0.643557 0.765406
0 0.658964 0.747374 0.678105 0.75035 0.669468 0.781863 0.65056 0.778887
0 0.654295 0.71341 0.67577 0.716737 0.665733 0.754377 0.644024 0.751225
0 0.647759 0.67612 0.671335 0.680147 0.659197 0.718662 0.635854 0.714636
0 0.641923 0.639356 0.6655 0.643382 0.653361 0.681898 0.630019 0.677871
0 0.643791 0.605567 0.667367 0.611695 0.651027 0.647409 0.627451 0.641457
0 0.651494 0.570728 0.671802 0.577556 0.651494 0.610644 0.631186 0.603817
0 0.655229 0.540266 0.675537 0.547094 0.655229 0.580182 0.634921 0.573354
0 0.665966 0.542192 0.64169 0.547269 0.627218 0.507878 0.651494 0.502801
0 0.645658 0.591036 0.623483 0.592087 0.619748 0.551996 0.641923 0.550945
0 0.647059 0.623775 0.625584 0.628326 0.612278 0.592262 0.633987 0.587885
0 0.644024 0.657388 0.623483 0.66334 0.602241 0.622024 0.622549 0.616071
0 0.647059 0.696078 0.626517 0.702031 0.605275 0.660714 0.625584 0.654762
0 0.653128 0.732668 0.633754 0.740021 0.606909 0.700455 0.626517 0.693102
0 0.65803 0.766632 0.639589 0.773459 0.613679 0.735294 0.63212 0.728291
