0 0.67295 0.820933 0.655423 0.824901 0.642857 0.794395 0.660384 0.790427
0 0.669312 0.781498 0.650132 0.787698 0.632275 0.755456 0.651124 0.749504
0 0.665013 0.741815 0.646825 0.749008 0.624669 0.718502 0.642526 0.711062
0 0.659722 0.700645 0.63922 0.708829 0.611772 0.671131 0.632275 0.662946
0 0.648148 0.65625 0.627315 0.666915 0.588955 0.624504 0.609458 0.613839
0 0.63459 0.621776 0.618386 0.631944 0.575397 0.59375 0.591931 0.583333
0 0.617394 0.585813 0.60086 0.59623 0.563492 0.562996 0.580026 0.552331
0 0.599206 0.553075 0.585979 0.563492 0.553241 0.539683 0.566468 0.529266
0 0.592593 0.532986 0.564484 0.539435 0.547619 0.498512 0.575728 0.491815
0 0.618386 0.576637 0.595238 0.578125 0.589947 0.537202 0.612765 0.535466
0 0.608796 0.565228 0.635582 0.565228 0.635582 0.611359 0.608796 0.611359
0 0.625 0.601935 0.64914 0.601935 0.64914 0.643849 0.625 0.643849
0 0.637235 0.636905 0.666336 0.636905 0.666336 0.682044 0.637235 0.682044
0 0.652447 0.679812 0.679894 0.681796 0.673611 0.729663 0.645833 0.727431
0 0.664683 0.716518 0.695437 0.72123 0.681548 0.772569 0.650794 0.768105
0 0.667989 0.762153 0.695106 0.764137 0.689484 0.80754 0.662037 0.805556
