0 0.721989 0.814076 0.712885 0.817052 0.702148 0.797619 0.711018 0.794643
0 0.73296 0.830707 0.724556 0.831408 0.721989 0.81215 0.730392 0.81145
0 0.723389 0.784489 0.704715 0.788866 0.690943 0.754902 0.709384 0.750525
0 0.73436 0.768382 0.7507 0.77521 0.729925 0.803746 0.713352 0.796919
0 0.731326 0.733543 0.752568 0.740196 0.73296 0.775385 0.711485 0.768557
0 0.727824 0.753151 0.708917 0.757528 0.693277 0.719538 0.712185 0.715161
0 0.733427 0.717612 0.713352 0.722164 0.696779 0.681723 0.71662 0.677171
0 0.739029 0.681723 0.718021 0.686625 0.699813 0.641982 0.720588 0.63708
0 0.745098 0.646359 0.72409 0.651261 0.705882 0.606618 0.726657 0.601716
0 0.7493 0.614321 0.731793 0.619923 0.712885 0.58666 0.730392 0.581057
0 0.7507 0.591211 0.728758 0.594538 0.719888 0.561275 0.74183 0.557948
0 0.738796 0.694678 0.760271 0.703431 0.73366 0.740021 0.712185 0.731092
0 0.743464 0.657738 0.769374 0.668242 0.740896 0.707108 0.715219 0.696604
0 0.751634 0.627276 0.771475 0.63743 0.74183 0.670168 0.721755 0.660014
0 0.751401 0.599265 0.772176 0.607668 0.749066 0.639531 0.728291 0.630952
0 0.743697 0.57493 0.764939 0.578256 0.757003 0.608193 0.735528 0.604867
0 0.760504 0.541842 0.772176 0.546744 0.756303 0.568627 0.744631 0.563725
