0 0.652194 0.514356 0.631886 0.517157 0.623016 0.482668 0.643324 0.479692
0 0.647993 0.546744 0.627218 0.551296 0.612278 0.513655 0.633053 0.508929
0 0.645658 0.584734 0.625817 0.590861 0.605742 0.554447 0.625817 0.548319
0 0.644725 0.62395 0.624883 0.630077 0.604809 0.593662 0.624883 0.587535
0 0.641223 0.664566 0.620215 0.669118 0.603875 0.627801 0.62465 0.623074
0 0.642857 0.698354 0.62395 0.704132 0.604108 0.667892 0.623016 0.662115
0 0.645191 0.730742 0.635854 0.733718 0.62395 0.711835 0.633287 0.708859
0 0.654528 0.765756 0.647526 0.767332 0.642624 0.755077 0.649627 0.753501
0 0.658964 0.742472 0.651961 0.744048 0.647059 0.731793 0.654062 0.730217
0 0.646592 0.678922 0.666667 0.682073 0.656396 0.717787 0.636321 0.714636
0 0.649627 0.63778 0.669701 0.642682 0.65056 0.686975 0.630719 0.682248
0 0.645191 0.603291 0.665266 0.608018 0.647759 0.64951 0.627451 0.644608
0 0.650327 0.569328 0.669234 0.575455 0.649393 0.609944 0.630486 0.603641
0 0.651261 0.531513 0.670168 0.53764 0.650327 0.572129 0.631419 0.565826
0 0.662465 0.502626 0.677404 0.51208 0.651261 0.534839 0.636555 0.525385
0 0.671569 0.470938 0.684874 0.481443 0.655929 0.502101 0.64239 0.491597
0 0.662465 0.481618 0.641223 0.483018 0.636555 0.445203 0.657796 0.443627
