0 0.757703 0.817577 0.748599 0.818803 0.743231 0.799195 0.752568 0.797794
0 0.756769 0.787815 0.740196 0.794468 0.719888 0.766632 0.736461 0.759804
0 0.749767 0.762255 0.733193 0.768908 0.712885 0.741071 0.729458 0.734244
0 0.740896 0.731618 0.723156 0.738796 0.70098 0.708333 0.718721 0.70098
0 0.732026 0.698004 0.71592 0.705007 0.693511 0.676296 0.709617 0.669293
0 0.72479 0.670693 0.708683 0.677696 0.686275 0.648985 0.702381 0.641982
0 0.719655 0.643908 0.704482 0.653711 0.680672 0.633053 0.695845 0.623249
0 0.713585 0.622899 0.698413 0.632703 0.674603 0.612045 0.689776 0.602241
0 0.711718 0.606268 0.696545 0.616071 0.672736 0.595413 0.687908 0.585609
0 0.704482 0.589811 0.691877 0.595063 0.67577 0.573529 0.688375 0.568102
0 0.769841 0.801821 0.755369 0.801996 0.754902 0.777311 0.769374 0.777136
0 0.748366 0.746324 0.769141 0.747899 0.76564 0.777311 0.744865 0.77591
0 0.74183 0.717087 0.761905 0.719888 0.753968 0.75105 0.733894 0.748074
0 0.731793 0.68645 0.751867 0.689251 0.743931 0.720413 0.723856 0.717437
0 0.727591 0.653186 0.747666 0.655987 0.739729 0.68715 0.719655 0.684174
0 0.719188 0.630777 0.738562 0.633578 0.731326 0.66194 0.711951 0.659139
0 0.719421 0.609419 0.736928 0.614846 0.72409 0.638305 0.706583 0.632878
0 0.718254 0.595063 0.734127 0.603116 0.715453 0.624125 0.69958 0.616071
0 0.712418 0.576681 0.728758 0.583333 0.713352 0.604692 0.697246 0.598214
0 0.707283 0.584209 0.694211 0.585259 0.690476 0.558824 0.703548 0.557773
