0 0.622316 0.518908 0.602708 0.52521 0.585901 0.495623 0.605742 0.489496
0 0.625117 0.545518 0.604342 0.554097 0.5824 0.523985 0.603175 0.515406
0 0.625817 0.580532 0.605742 0.588585 0.5824 0.556548 0.602474 0.548319
0 0.625817 0.617822 0.605742 0.626225 0.581232 0.592612 0.601541 0.584384
0 0.627684 0.653711 0.606676 0.660189 0.582866 0.617997 0.603875 0.611345
0 0.633754 0.690826 0.613912 0.69888 0.584734 0.658613 0.604575 0.65056
0 0.637955 0.727416 0.616947 0.735994 0.59267 0.702731 0.613679 0.693978
0 0.641223 0.762255 0.622549 0.769958 0.598739 0.73757 0.617647 0.729867
0 0.644958 0.760504 0.664799 0.76348 0.657563 0.790966 0.637488 0.78799
0 0.636788 0.713585 0.65873 0.716912 0.650327 0.748074 0.628385 0.744748
0 0.638889 0.67507 0.65873 0.679622 0.644258 0.714286 0.624416 0.709734
0 0.631886 0.640056 0.651727 0.644608 0.637255 0.679272 0.617414 0.67472
0 0.62535 0.534139 0.645191 0.540441 0.628618 0.570203 0.608543 0.563725
0 0.628151 0.501225 0.648226 0.507528 0.630952 0.53834 0.610878 0.531863
0 0.624416 0.47409 0.643324 0.480042 0.627451 0.508578 0.60831 0.502451
0 0.623016 0.469713 0.607143 0.473389 0.595705 0.445728 0.611578 0.442052
0 0.618581 0.490371 0.602941 0.498249 0.578431 0.471289 0.594071 0.463235
