0 0.695845 0.540441 0.679505 0.543067 0.672269 0.515931 0.688609 0.51348
0 0.690009 0.571779 0.673669 0.574405 0.666433 0.547269 0.682773 0.544818
0 0.683473 0.603992 0.665266 0.606793 0.65733 0.577031 0.675537 0.574405
0 0.676237 0.633754 0.65873 0.63638 0.650093 0.604517 0.6676 0.601891
0 0.674136 0.665441 0.656629 0.668067 0.647993 0.636204 0.6655 0.633578
0 0.673669 0.695378 0.656629 0.69923 0.643791 0.667892 0.660831 0.664041
0 0.673436 0.723564 0.661298 0.725315 0.654528 0.700805 0.666667 0.69888
0 0.693978 0.505252 0.708917 0.507353 0.702614 0.530637 0.687908 0.528361
0 0.696779 0.532388 0.711018 0.536765 0.697946 0.560399 0.683707 0.555847
0 0.695145 0.560399 0.710084 0.566527 0.691877 0.591737 0.676704 0.585609
0 0.688842 0.592612 0.703782 0.598739 0.685574 0.62395 0.670401 0.617822
0 0.682773 0.620098 0.699346 0.626926 0.678571 0.655287 0.661998 0.648459
0 0.676937 0.64951 0.695145 0.653711 0.68254 0.684524 0.664332 0.680322
0 0.677871 0.678922 0.696078 0.683123 0.683473 0.713936 0.665266 0.709734
0 0.672969 0.71306 0.682773 0.71306 0.682773 0.737045 0.672969 0.737045
0 0.705182 0.497374 0.690009 0.499825 0.68254 0.472339 0.697946 0.470063
