0 0.691138 0.734375 0.67328 0.740327 0.657407 0.712054 0.675265 0.706349
0 0.690146 0.697421 0.670304 0.702133 0.656085 0.667659 0.675926 0.663194
0 0.699074 0.666171 0.678571 0.670883 0.662037 0.6312 0.68287 0.626488
0 0.707011 0.6312 0.684193 0.634673 0.673611 0.595982 0.696429 0.59251
0 0.717593 0.59127 0.694114 0.59375 0.686177 0.552331 0.709656 0.550099
0 0.728836 0.555804 0.705357 0.559028 0.695106 0.518105 0.718254 0.514633
0 0.731151 0.517361 0.708003 0.520585 0.698743 0.483631 0.721892 0.480159
0 0.716931 0.452629 0.737434 0.452877 0.737103 0.490327 0.716601 0.490079
0 0.728505 0.406002 0.749008 0.40625 0.748677 0.4437 0.728175 0.443452
0 0.700728 0.681796 0.721892 0.68874 0.701058 0.724454 0.679894 0.717758
0 0.68254 0.736855 0.693452 0.737599 0.690146 0.761161 0.679563 0.760169
0 0.701058 0.654762 0.722222 0.661706 0.704365 0.692956 0.68287 0.686012
0 0.710648 0.615575 0.732804 0.623016 0.711971 0.658978 0.689815 0.651538
0 0.718915 0.575397 0.741071 0.582837 0.720238 0.6188 0.698082 0.611359
0 0.728836 0.53621 0.750992 0.543651 0.730159 0.579613 0.708003 0.572173
0 0.733135 0.500496 0.758267 0.508433 0.737765 0.543651 0.712963 0.535714
0 0.744378 0.46999 0.76455 0.478671 0.74041 0.510913 0.720238 0.502232
0 0.747354 0.437252 0.766534 0.4437 0.748347 0.475198 0.729167 0.468998
