0 0.684174 0.549545 0.667134 0.554972 0.655696 0.534839 0.672736 0.529412
0 0.681373 0.570553 0.661998 0.575105 0.651727 0.55077 0.671335 0.546218
0 0.673436 0.601015 0.654295 0.603992 0.645658 0.572129 0.664799 0.569153
0 0.666667 0.625875 0.650093 0.629727 0.638189 0.60084 0.654762 0.596989
0 0.661064 0.663165 0.641923 0.667542 0.628852 0.635679 0.647993 0.631127
0 0.662698 0.691702 0.644491 0.697479 0.628618 0.669468 0.646825 0.66369
0 0.661765 0.711485 0.671802 0.71306 0.6655 0.736695 0.655229 0.735119
0 0.657796 0.715161 0.642157 0.718662 0.630952 0.691527 0.646592 0.68785
0 0.6676 0.676821 0.682306 0.681373 0.666433 0.709734 0.651727 0.705182
0 0.669935 0.647409 0.685808 0.652311 0.6669 0.685574 0.651261 0.680672
0 0.673669 0.618873 0.690943 0.625875 0.670168 0.654587 0.652661 0.647409
0 0.681373 0.589811 0.698646 0.596814 0.677871 0.625525 0.660364 0.618347
0 0.689076 0.559874 0.706349 0.566877 0.685574 0.595588 0.668067 0.58841
0 0.692577 0.538165 0.707983 0.544468 0.689309 0.570203 0.673903 0.563901
0 0.679739 0.520133 0.694444 0.521183 0.691643 0.542542 0.676937 0.541492
