0 0.687208 0.751576 0.668301 0.756828 0.652894 0.72514 0.672035 0.720063
0 0.68394 0.720238 0.665033 0.72549 0.649627 0.693803 0.668768 0.688725
0 0.686975 0.692402 0.668067 0.697654 0.652661 0.665966 0.671802 0.660889
0 0.687208 0.660714 0.668301 0.665966 0.652894 0.634279 0.672035 0.629202
0 0.688842 0.626751 0.669935 0.632003 0.654528 0.600315 0.673669 0.595238
0 0.689076 0.592962 0.670168 0.598214 0.654762 0.566527 0.673903 0.56145
0 0.685341 0.560399 0.669234 0.566352 0.652194 0.539916 0.668534 0.533964
0 0.685107 0.535714 0.669234 0.542192 0.65056 0.516632 0.666433 0.510154
0 0.685808 0.515231 0.669935 0.521709 0.651261 0.496148 0.667134 0.489671
0 0.689542 0.499475 0.673903 0.504552 0.65873 0.477766 0.674603 0.472689
0 0.698646 0.771359 0.686041 0.772409 0.682773 0.748424 0.695378 0.747374
0 0.687442 0.707108 0.706583 0.710084 0.69888 0.739146 0.679739 0.736169
0 0.687208 0.682073 0.70775 0.686975 0.697479 0.71201 0.676937 0.707283
0 0.689542 0.651786 0.709384 0.658088 0.695612 0.682423 0.67577 0.67612
0 0.692344 0.582458 0.711251 0.590336 0.693511 0.614671 0.674603 0.606968
0 0.688842 0.618522 0.708683 0.624825 0.694911 0.64916 0.67507 0.642857
0 0.693277 0.55077 0.712185 0.558648 0.694444 0.582983 0.675537 0.57528
0 0.69211 0.521884 0.709851 0.529237 0.69211 0.553571 0.67437 0.546394
0 0.693277 0.502626 0.708683 0.508929 0.691643 0.532563 0.676237 0.526261
0 0.696779 0.479342 0.708917 0.484419 0.692344 0.507353 0.680205 0.502451
0 0.691877 0.490371 0.677871 0.491422 0.673903 0.461485 0.687908 0.460609
