0 0.641204 0.795635 0.632937 0.796875 0.627315 0.775298 0.635582 0.774058
0 0.627976 0.781002 0.61541 0.783978 0.604828 0.757937 0.617394 0.755208
0 0.628638 0.75372 0.611442 0.758929 0.593585 0.726935 0.61045 0.721726
0 0.62996 0.724454 0.612765 0.729663 0.594907 0.697669 0.611772 0.69246
0 0.633598 0.693204 0.616071 0.697173 0.602183 0.663938 0.62004 0.65997
0 0.635582 0.660466 0.618717 0.662946 0.609127 0.626736 0.625661 0.624008
0 0.640873 0.630456 0.624008 0.632937 0.614418 0.596726 0.630952 0.593998
0 0.646825 0.604911 0.630291 0.606151 0.625661 0.573413 0.642196 0.572173
0 0.656085 0.578621 0.636905 0.581349 0.627976 0.547619 0.646825 0.544643
0 0.632606 0.739087 0.646825 0.742312 0.635251 0.769593 0.621362 0.766369
0 0.632275 0.713294 0.646495 0.716518 0.634921 0.7438 0.621032 0.740575
0 0.637235 0.687252 0.653108 0.6937 0.636905 0.71627 0.621032 0.709821
0 0.640542 0.653522 0.656415 0.65997 0.640212 0.68254 0.624339 0.676091
0 0.647817 0.622272 0.66369 0.62872 0.647487 0.65129 0.631614 0.644841
0 0.654431 0.592262 0.669312 0.599702 0.650132 0.620784 0.635251 0.613343
0 0.662698 0.562004 0.676918 0.569196 0.65377 0.594742 0.63955 0.58755
0 0.667328 0.541171 0.680556 0.548115 0.660053 0.570685 0.646495 0.563988
0 0.652447 0.52381 0.668651 0.52629 0.660053 0.558036 0.643849 0.555556
