0 0.692344 0.75035 0.674837 0.754377 0.662465 0.72479 0.679972 0.720588
0 0.686508 0.710784 0.665733 0.717437 0.645892 0.682248 0.666667 0.675595
0 0.682773 0.678221 0.661531 0.685049 0.640289 0.647584 0.661765 0.640931
0 0.68254 0.644608 0.662232 0.652836 0.636321 0.617297 0.656629 0.608894
0 0.676471 0.61327 0.654528 0.620273 0.630019 0.576681 0.651727 0.569853
0 0.671802 0.577381 0.65056 0.584209 0.627218 0.542717 0.648459 0.536064
0 0.669701 0.541667 0.64916 0.55007 0.620448 0.510504 0.64099 0.502276
0 0.665733 0.510504 0.645425 0.518732 0.619281 0.482843 0.639356 0.47444
0 0.669001 0.483718 0.647292 0.490546 0.625584 0.452206 0.647292 0.445378
0 0.687208 0.69958 0.70915 0.701155 0.704949 0.733718 0.682773 0.732143
0 0.684874 0.659139 0.70915 0.66299 0.698646 0.702556 0.67437 0.698704
0 0.686041 0.628151 0.709617 0.633578 0.693744 0.672269 0.670168 0.666667
0 0.679739 0.591912 0.704015 0.596464 0.691176 0.635679 0.667134 0.631127
0 0.673203 0.556373 0.697479 0.560924 0.684641 0.60014 0.660598 0.595588
0 0.669935 0.521008 0.694211 0.52556 0.681373 0.564776 0.65733 0.560224
0 0.664566 0.466036 0.688609 0.472339 0.673669 0.504202 0.649627 0.497899
0 0.657796 0.443978 0.678805 0.447829 0.669001 0.477241 0.648226 0.473564
0 0.666667 0.456232 0.646592 0.46201 0.63212 0.433473 0.652428 0.427871
