0 0.663029 0.457341 0.679233 0.457341 0.679233 0.487847 0.663029 0.487847
0 0.668981 0.493552 0.657077 0.495288 0.64914 0.46627 0.661376 0.464534
0 0.662698 0.515873 0.650463 0.516865 0.646495 0.487599 0.65873 0.486607
0 0.658069 0.540179 0.642526 0.542659 0.63459 0.513889 0.650132 0.511409
0 0.650132 0.568948 0.632937 0.570437 0.628307 0.537946 0.645833 0.536458
0 0.642857 0.598958 0.623677 0.600942 0.615741 0.561508 0.634921 0.559276
0 0.634921 0.631944 0.615741 0.633929 0.607804 0.594494 0.626984 0.592262
0 0.632275 0.664187 0.613757 0.667907 0.600529 0.628968 0.619048 0.625496
0 0.633598 0.702877 0.612434 0.707837 0.594577 0.665923 0.615741 0.660962
0 0.640212 0.731399 0.619709 0.737847 0.598214 0.700645 0.618386 0.694196
0 0.637566 0.762401 0.626984 0.764137 0.62004 0.739335 0.630622 0.737847
0 0.651124 0.77753 0.643519 0.77877 0.637897 0.759177 0.645503 0.757937
0 0.638228 0.71503 0.657407 0.718006 0.649471 0.749504 0.62996 0.746776
0 0.637566 0.685516 0.655423 0.689484 0.643188 0.720238 0.625331 0.71627
0 0.632275 0.654514 0.652778 0.658978 0.640212 0.690724 0.619709 0.686012
0 0.637235 0.614583 0.658069 0.619296 0.643849 0.654762 0.623016 0.65005
0 0.648148 0.580853 0.668651 0.589286 0.646164 0.621032 0.625661 0.612847
0 0.655754 0.549107 0.675265 0.557044 0.652778 0.588542 0.633267 0.580853
0 0.664021 0.521825 0.683862 0.53001 0.662698 0.56002 0.642526 0.552083
0 0.670635 0.499504 0.685516 0.505456 0.665675 0.533482 0.650794 0.527282
0 0.675595 0.476687 0.687831 0.480655 0.672619 0.508433 0.660384 0.504712
