0 0.543184 0.446078 0.530812 0.455532 0.495098 0.428922 0.50747 0.419468
0 0.554855 0.469188 0.538749 0.481443 0.501167 0.453431 0.517274 0.441176
0 0.581933 0.503852 0.563725 0.517682 0.520308 0.485119 0.538282 0.471464
0 0.603875 0.543242 0.586134 0.555147 0.543184 0.519083 0.560924 0.507003
0 0.631419 0.582108 0.610644 0.596113 0.568861 0.560924 0.589402 0.546919
0 0.658263 0.620273 0.637488 0.634279 0.595705 0.59909 0.616246 0.585084
0 0.68394 0.658438 0.666433 0.672794 0.620915 0.641457 0.638189 0.627276
0 0.70775 0.695203 0.690243 0.709559 0.644725 0.678221 0.661998 0.664041
0 0.725023 0.741772 0.717787 0.744923 0.703782 0.726891 0.710784 0.723915
0 0.728992 0.716387 0.706816 0.719538 0.698179 0.685224 0.720355 0.682073
0 0.710084 0.681548 0.68394 0.683298 0.679038 0.642507 0.705182 0.640756
0 0.688609 0.642682 0.660831 0.644433 0.656396 0.606618 0.68394 0.604867
0 0.656629 0.60119 0.630952 0.604867 0.621148 0.566702 0.646825 0.563025
0 0.629785 0.562325 0.603875 0.566001 0.59267 0.522584 0.618581 0.518908
0 0.603875 0.526436 0.580999 0.529762 0.569094 0.483368 0.59197 0.480217
0 0.5824 0.491422 0.559991 0.494573 0.549953 0.455532 0.572362 0.452381
0 0.565126 0.468662 0.54085 0.472164 0.530345 0.431548 0.554622 0.428046
0 0.551587 0.440301 0.534547 0.445553 0.51564 0.411415 0.532913 0.405987
