0 0.681548 0.756944 0.66336 0.761161 0.651786 0.733135 0.670304 0.728919
0 0.678902 0.717014 0.657738 0.72495 0.633267 0.687996 0.654762 0.680308
0 0.676587 0.684276 0.654762 0.69246 0.628307 0.652282 0.650132 0.644097
0 0.668981 0.643601 0.645172 0.651538 0.619378 0.607639 0.643188 0.599702
0 0.66336 0.605159 0.641865 0.611855 0.618717 0.570685 0.640212 0.563988
0 0.657407 0.565476 0.635251 0.572421 0.612765 0.532738 0.634921 0.525794
0 0.655423 0.476687 0.63922 0.482391 0.619709 0.451141 0.635913 0.445437
0 0.65377 0.494296 0.634259 0.503224 0.609458 0.471974 0.628968 0.463294
0 0.653108 0.4938 0.633598 0.502728 0.608796 0.471478 0.628307 0.462798
0 0.683862 0.704613 0.702381 0.708333 0.691799 0.739583 0.67295 0.735863
0 0.677249 0.670139 0.696098 0.673859 0.685847 0.704365 0.666667 0.700645
0 0.669643 0.629464 0.69213 0.633681 0.680225 0.668651 0.657738 0.664435
0 0.660384 0.546875 0.680556 0.550843 0.667659 0.588294 0.647487 0.584325
0 0.655754 0.508185 0.677579 0.512401 0.664683 0.550595 0.642857 0.546379
0 0.656746 0.480159 0.677579 0.486111 0.661045 0.520337 0.639881 0.514633
0 0.662368 0.465278 0.643519 0.466022 0.641204 0.429563 0.660053 0.428819
