0 0.713819 0.777311 0.701681 0.780287 0.689076 0.749825 0.701447 0.746849
0 0.714519 0.744048 0.694678 0.75035 0.674837 0.715336 0.694678 0.709034
0 0.712885 0.71306 0.690009 0.720413 0.6676 0.680497 0.690476 0.673144
0 0.715453 0.678221 0.692577 0.685574 0.670168 0.645658 0.693044 0.638305
0 0.721522 0.642682 0.698646 0.650035 0.676237 0.610119 0.699113 0.602766
0 0.722456 0.603641 0.700047 0.608718 0.683007 0.567752 0.705415 0.562675
0 0.725257 0.570903 0.702848 0.57423 0.692344 0.535364 0.714753 0.531863
0 0.73296 0.538165 0.711251 0.543067 0.697479 0.509804 0.719188 0.504727
0 0.742764 0.512255 0.720121 0.515756 0.711951 0.485469 0.734594 0.481968
0 0.745798 0.489321 0.72549 0.490896 0.721289 0.459909 0.741597 0.458333
0 0.720121 0.729342 0.742997 0.734594 0.731326 0.762955 0.70845 0.757528
0 0.718487 0.70063 0.740896 0.705707 0.728291 0.73652 0.705882 0.731268
0 0.721055 0.668242 0.745798 0.675945 0.727591 0.708333 0.702848 0.700455
0 0.721989 0.627276 0.745565 0.634629 0.725957 0.669818 0.702148 0.66229
0 0.725957 0.585084 0.750934 0.592962 0.728058 0.633053 0.703315 0.625175
0 0.73226 0.55112 0.753968 0.558123 0.733427 0.594538 0.711718 0.587535
0 0.742297 0.518207 0.762138 0.526261 0.736695 0.56145 0.71662 0.553221
0 0.745798 0.493697 0.764706 0.501401 0.742297 0.532388 0.723156 0.524685
0 0.748133 0.471989 0.766807 0.477941 0.751167 0.505952 0.73226 0.5
0 0.742764 0.443978 0.755836 0.445028 0.751634 0.475665 0.738562 0.47479
