0 0.673669 0.734944 0.664332 0.737045 0.656629 0.718487 0.665966 0.716387
0 0.676237 0.712885 0.65873 0.718312 0.641457 0.687675 0.658964 0.682073
0 0.677404 0.686975 0.659197 0.692752 0.638889 0.656688 0.657096 0.650735
0 0.679272 0.661415 0.660831 0.667192 0.639356 0.629377 0.65803 0.623424
0 0.677404 0.632528 0.658497 0.63848 0.638655 0.603641 0.657796 0.597689
0 0.672736 0.602416 0.653828 0.608368 0.633987 0.573529 0.653128 0.567577
0 0.668534 0.571604 0.651961 0.578431 0.629085 0.546744 0.645658 0.539916
0 0.654295 0.541667 0.637722 0.548494 0.614846 0.516807 0.631419 0.509979
0 0.645658 0.514356 0.631886 0.523109 0.605976 0.5 0.619981 0.491422
0 0.671569 0.732318 0.679972 0.732318 0.679972 0.747724 0.671569 0.747724
0 0.680439 0.69923 0.697246 0.704482 0.682306 0.731092 0.6655 0.72584
0 0.681839 0.673319 0.700047 0.679272 0.684641 0.706758 0.6662 0.700805
0 0.683707 0.643732 0.701214 0.649335 0.685107 0.678396 0.667367 0.672794
0 0.68394 0.61362 0.70098 0.619048 0.683473 0.65056 0.6662 0.645133
0 0.679272 0.581408 0.697712 0.585609 0.682773 0.622199 0.664332 0.617822
0 0.663399 0.555672 0.68324 0.557073 0.678571 0.590686 0.658964 0.589286
0 0.653361 0.522934 0.673203 0.524335 0.668534 0.557948 0.648926 0.556548
0 0.646592 0.498074 0.665733 0.500875 0.657096 0.533088 0.637955 0.530112
0 0.648926 0.49895 0.628852 0.503501 0.614379 0.468487 0.634454 0.463936
