0 0.671802 0.556373 0.65803 0.565126 0.629552 0.539741 0.643557 0.530987
0 0.676237 0.574055 0.662465 0.582808 0.633987 0.557423 0.647993 0.548669
0 0.682306 0.599965 0.667367 0.607668 0.64239 0.580357 0.65733 0.572654
0 0.693511 0.628151 0.67507 0.635679 0.654062 0.606793 0.672502 0.599265
0 0.697479 0.660539 0.680906 0.667192 0.658497 0.63638 0.674837 0.629552
0 0.700514 0.688025 0.684174 0.694678 0.660364 0.66194 0.676704 0.655287
0 0.708683 0.707458 0.693277 0.717262 0.663165 0.690476 0.678571 0.680672
0 0.708217 0.735819 0.698413 0.738971 0.685341 0.716211 0.695378 0.712885
0 0.670401 0.540966 0.652894 0.544993 0.640056 0.513305 0.65733 0.509279
0 0.662465 0.529587 0.680672 0.529587 0.680672 0.562675 0.662465 0.562675
0 0.68394 0.556373 0.701447 0.560399 0.688375 0.592087 0.671102 0.58806
0 0.691643 0.582983 0.70915 0.58701 0.696078 0.618697 0.678805 0.614671
0 0.697246 0.616947 0.714753 0.620973 0.701681 0.652661 0.684407 0.648634
0 0.706816 0.646183 0.723389 0.651436 0.706349 0.682073 0.689542 0.676646
0 0.712418 0.669643 0.728992 0.674895 0.711951 0.705532 0.695145 0.700105
0 0.708917 0.695203 0.728058 0.698004 0.719655 0.728817 0.700747 0.72584
0 0.724556 0.751225 0.712885 0.752976 0.707516 0.732668 0.719188 0.730917
