0 0.704482 0.742122 0.69071 0.745448 0.679038 0.716912 0.69281 0.713761
0 0.704715 0.707458 0.687208 0.71306 0.668067 0.679097 0.685574 0.673494
0 0.705882 0.678922 0.686508 0.685049 0.667834 0.651786 0.686975 0.645658
0 0.706349 0.641282 0.686975 0.647409 0.668301 0.614146 0.687442 0.608018
0 0.705182 0.605917 0.685808 0.612045 0.667134 0.578782 0.686275 0.572654
0 0.69958 0.575105 0.682306 0.580707 0.663399 0.547269 0.680906 0.541667
0 0.697479 0.54972 0.682306 0.557423 0.655696 0.528361 0.670868 0.520483
0 0.693978 0.529062 0.678805 0.536765 0.652194 0.507703 0.667367 0.499825
0 0.703782 0.696254 0.721522 0.697654 0.717554 0.727941 0.699813 0.726541
0 0.712652 0.667017 0.728758 0.672094 0.712885 0.70063 0.696779 0.695553
0 0.712885 0.628852 0.733427 0.635329 0.714753 0.668768 0.693978 0.66229
0 0.712185 0.592437 0.732726 0.598915 0.714052 0.632353 0.693277 0.625875
0 0.708217 0.56285 0.72619 0.568452 0.709617 0.597864 0.691643 0.592262
0 0.706116 0.534489 0.72409 0.540091 0.707516 0.569503 0.689542 0.563901
0 0.70098 0.51313 0.718954 0.518732 0.702381 0.548144 0.684407 0.542542
0 0.700047 0.514881 0.680205 0.516282 0.676237 0.486695 0.696078 0.485119
