0 0.733135 0.774306 0.724868 0.77629 0.71627 0.755952 0.724868 0.753968
0 0.735119 0.7438 0.717923 0.750992 0.695767 0.720486 0.712963 0.713542
0 0.727513 0.711806 0.710979 0.71999 0.679233 0.685268 0.695767 0.676835
0 0.714286 0.674851 0.700728 0.685764 0.662368 0.657738 0.676257 0.647073
0 0.698413 0.642361 0.684193 0.653522 0.646495 0.625992 0.660714 0.614831
0 0.675926 0.607143 0.661706 0.618304 0.624008 0.590774 0.638228 0.579613
0 0.65873 0.576885 0.646825 0.586062 0.614749 0.5625 0.626323 0.553323
0 0.644511 0.549355 0.631944 0.55878 0.60086 0.53621 0.613426 0.526538
0 0.627315 0.52381 0.614418 0.531994 0.585317 0.505952 0.597884 0.497768
0 0.732804 0.731647 0.747354 0.731647 0.747354 0.760913 0.732804 0.760913
0 0.726521 0.697917 0.747354 0.699405 0.742725 0.733383 0.721892 0.731895
0 0.709987 0.661954 0.729167 0.661954 0.729167 0.699653 0.709987 0.699653
0 0.715278 0.662698 0.694114 0.664435 0.689153 0.627728 0.710317 0.625992
0 0.698082 0.62996 0.676587 0.631696 0.671627 0.594246 0.692791 0.59251
0 0.677579 0.596974 0.656085 0.59871 0.651124 0.56126 0.672288 0.559524
0 0.659061 0.56622 0.641534 0.56746 0.637235 0.534474 0.654762 0.532986
0 0.644511 0.537946 0.623016 0.539683 0.618717 0.507688 0.640542 0.505952
0 0.629299 0.508185 0.607804 0.513145 0.593254 0.477431 0.614749 0.47247
