0 0.631283 0.735367 0.622024 0.737599 0.613095 0.715278 0.622354 0.713294
0 0.625 0.705357 0.612103 0.713294 0.589947 0.693452 0.602844 0.685268
0 0.619378 0.684028 0.605159 0.693204 0.582341 0.672867 0.596561 0.663938
0 0.614749 0.659722 0.596892 0.668651 0.575728 0.645585 0.593585 0.636409
0 0.608135 0.630208 0.590278 0.639137 0.569114 0.616071 0.586971 0.606895
0 0.604167 0.602431 0.58631 0.611359 0.565146 0.588294 0.583003 0.579117
0 0.597222 0.575893 0.583664 0.584573 0.558532 0.562252 0.572421 0.553571
0 0.596892 0.554812 0.582672 0.561756 0.562169 0.538938 0.576389 0.531746
0 0.595899 0.53621 0.583003 0.542907 0.5625 0.520089 0.575397 0.513393
0 0.597222 0.521577 0.582341 0.526042 0.568122 0.499256 0.583003 0.494792
0 0.636243 0.719494 0.626984 0.720238 0.624008 0.696925 0.633267 0.696429
0 0.616071 0.667659 0.636574 0.669147 0.632606 0.698909 0.612103 0.697421
0 0.61078 0.641121 0.628307 0.642361 0.624008 0.674851 0.606481 0.673611
0 0.608796 0.616815 0.625 0.620536 0.613095 0.649058 0.596892 0.645337
0 0.601852 0.589286 0.617725 0.591518 0.609458 0.621528 0.593585 0.619048
0 0.599537 0.5625 0.617063 0.566468 0.605489 0.594246 0.587963 0.590278
0 0.600198 0.541419 0.61541 0.546131 0.60086 0.571925 0.585648 0.566964
0 0.60086 0.522817 0.614749 0.528274 0.597884 0.551091 0.584325 0.545387
0 0.604167 0.5062 0.617063 0.511409 0.599868 0.53497 0.586971 0.529514
0 0.594577 0.493056 0.608796 0.49628 0.596892 0.524802 0.582672 0.521577
0 0.584987 0.487599 0.593915 0.488095 0.59127 0.507688 0.582341 0.507192
