0 0.725957 0.791317 0.735528 0.791317 0.735528 0.813025 0.725957 0.813025
0 0.718954 0.797094 0.708917 0.79937 0.697946 0.772759 0.707983 0.770308
0 0.719421 0.766632 0.698646 0.773109 0.682073 0.743873 0.703081 0.737395
0 0.717087 0.735294 0.696545 0.741772 0.677404 0.707983 0.697946 0.701331
0 0.715453 0.69923 0.691877 0.704657 0.676937 0.668592 0.700747 0.663165
0 0.716853 0.660539 0.695612 0.666317 0.678805 0.631828 0.700047 0.626225
0 0.718254 0.623599 0.695612 0.629902 0.678805 0.595588 0.701681 0.589461
0 0.720588 0.588936 0.70098 0.594188 0.684874 0.561275 0.704715 0.556022
0 0.721055 0.557598 0.700047 0.561625 0.687908 0.52556 0.708683 0.521534
0 0.721989 0.527661 0.698646 0.532038 0.688375 0.501926 0.711485 0.497549
0 0.723389 0.494223 0.702148 0.496674 0.696078 0.466211 0.71732 0.463936
0 0.72619 0.759629 0.746499 0.765581 0.734827 0.78834 0.714519 0.782388
0 0.71662 0.722164 0.738095 0.72584 0.728758 0.757003 0.707283 0.753501
0 0.715686 0.692052 0.738095 0.698179 0.72619 0.722689 0.703782 0.716562
0 0.715219 0.654412 0.737628 0.660539 0.725724 0.685049 0.703315 0.678922
0 0.717787 0.617122 0.74043 0.623249 0.727824 0.649335 0.705182 0.643207
0 0.719655 0.581232 0.741597 0.587185 0.728758 0.613796 0.706816 0.607843
0 0.721522 0.546394 0.743464 0.552346 0.730626 0.578957 0.708683 0.573004
0 0.722923 0.51348 0.74043 0.518207 0.72619 0.547969 0.70845 0.543067
0 0.720121 0.484594 0.735994 0.488971 0.72409 0.513831 0.707983 0.509454
