0 0.660384 0.698413 0.666005 0.698413 0.666005 0.71131 0.660384 0.71131
0 0.650794 0.671875 0.65873 0.671875 0.65873 0.690724 0.650794 0.690724
0 0.629299 0.607143 0.647487 0.608383 0.643188 0.641617 0.624669 0.640129
0 0.661706 0.725198 0.657738 0.72619 0.654762 0.716518 0.65873 0.715526
0 0.654431 0.700645 0.648148 0.702381 0.642196 0.689732 0.648479 0.687996
0 0.651786 0.679315 0.63955 0.686508 0.614749 0.662202 0.627315 0.65501
0 0.636574 0.638889 0.654431 0.638889 0.654431 0.668403 0.636574 0.668403
0 0.618717 0.574901 0.637566 0.576141 0.633267 0.610367 0.614418 0.608879
0 0.612434 0.545139 0.62963 0.546627 0.624339 0.580109 0.606812 0.578621
0 0.61045 0.518601 0.626653 0.521329 0.617394 0.552827 0.60086 0.550099
0 0.603505 0.495288 0.618386 0.496528 0.613757 0.52629 0.598545 0.52505
0 0.642196 0.653522 0.627315 0.660218 0.602844 0.630208 0.617725 0.623512
0 0.631614 0.622024 0.616733 0.62872 0.592262 0.59871 0.607143 0.592014
0 0.621032 0.591766 0.60582 0.597966 0.583664 0.566716 0.598876 0.560764
0 0.616071 0.564236 0.601852 0.56994 0.58168 0.541419 0.595569 0.535714
0 0.61078 0.536954 0.596561 0.542659 0.576389 0.514137 0.590278 0.508433
0 0.606151 0.511409 0.592593 0.515377 0.580026 0.492063 0.593915 0.488095
0 0.610119 0.49752 0.595899 0.501984 0.579365 0.470982 0.593585 0.466518
