0 0.709325 0.739583 0.696759 0.740327 0.693783 0.717262 0.706349 0.71627
0 0.681548 0.680804 0.70172 0.680804 0.70172 0.713294 0.681548 0.713294
0 0.667328 0.648562 0.688492 0.648562 0.688492 0.682044 0.667328 0.682044
0 0.657077 0.613591 0.679894 0.615327 0.675265 0.648313 0.652778 0.646577
0 0.647156 0.576141 0.668651 0.577629 0.664021 0.614831 0.642196 0.613095
0 0.635913 0.543403 0.657407 0.544891 0.652778 0.578373 0.631283 0.576885
0 0.625 0.512153 0.646164 0.513889 0.641534 0.546131 0.62037 0.544643
0 0.61078 0.481895 0.63459 0.481895 0.63459 0.516121 0.61078 0.516121
0 0.704696 0.752976 0.697421 0.756944 0.682209 0.740575 0.689815 0.736607
0 0.697421 0.725446 0.684524 0.733631 0.657738 0.709821 0.670966 0.701637
0 0.687169 0.6937 0.670304 0.704117 0.641534 0.678571 0.658399 0.668155
0 0.671296 0.659226 0.656415 0.668651 0.627315 0.642609 0.642196 0.633185
0 0.658069 0.626736 0.641204 0.635417 0.615079 0.606895 0.631944 0.598214
0 0.651124 0.591766 0.634259 0.600446 0.608135 0.571925 0.625 0.563244
0 0.642196 0.559028 0.625 0.567708 0.599537 0.539931 0.616733 0.531002
0 0.628968 0.526042 0.613426 0.533978 0.590939 0.509177 0.606481 0.50124
0 0.626984 0.496032 0.606812 0.502232 0.58631 0.465526 0.606481 0.459325
