0 0.65873 0.75744 0.640542 0.763393 0.622024 0.730159 0.639881 0.724206
0 0.654762 0.720486 0.634259 0.730655 0.602183 0.695437 0.622354 0.68502
0 0.646164 0.68874 0.625661 0.698909 0.593585 0.66369 0.613757 0.653274
0 0.634921 0.657242 0.614418 0.667411 0.582341 0.632192 0.602513 0.621776
0 0.622024 0.617063 0.601521 0.627232 0.569444 0.592014 0.589616 0.581597
0 0.605159 0.578125 0.584656 0.588294 0.552579 0.553075 0.572751 0.542659
0 0.589947 0.541667 0.570767 0.551587 0.540344 0.517857 0.559193 0.507937
0 0.576389 0.510665 0.558201 0.520089 0.530093 0.489087 0.54795 0.479663
0 0.563161 0.486359 0.547619 0.494296 0.523479 0.467758 0.53869 0.459573
0 0.658399 0.704613 0.679233 0.707589 0.669974 0.743056 0.64881 0.739831
0 0.650794 0.670883 0.671627 0.673859 0.662368 0.709325 0.641204 0.706101
0 0.638228 0.639633 0.659061 0.642609 0.649802 0.678075 0.628638 0.674851
0 0.619709 0.601935 0.642196 0.603423 0.636905 0.641121 0.614749 0.639633
0 0.603175 0.561508 0.625661 0.562996 0.62037 0.600694 0.598214 0.599206
0 0.58664 0.524802 0.609127 0.52629 0.603836 0.563988 0.58168 0.5625
0 0.570106 0.492808 0.592593 0.492808 0.592593 0.528522 0.570106 0.528522
0 0.55754 0.469494 0.575397 0.469494 0.575397 0.5 0.55754 0.5
0 0.568122 0.475694 0.549934 0.477183 0.546296 0.451141 0.564484 0.449901
0 0.551257 0.460317 0.540344 0.46379 0.523479 0.434028 0.534722 0.430556
