0 0.700728 0.71131 0.689815 0.712054 0.686839 0.687996 0.697751 0.687252
0 0.684524 0.696677 0.675265 0.699405 0.660053 0.671875 0.669643 0.669147
0 0.68254 0.667411 0.665013 0.674603 0.64418 0.645089 0.661706 0.638145
0 0.676587 0.639633 0.659722 0.646577 0.639881 0.618304 0.656746 0.611359
0 0.67328 0.608135 0.656415 0.616071 0.635251 0.590278 0.652116 0.582341
0 0.666005 0.574653 0.64914 0.582837 0.624669 0.553323 0.641534 0.545387
0 0.657738 0.539683 0.640873 0.547867 0.616402 0.518353 0.633267 0.510417
0 0.651455 0.508929 0.635582 0.516369 0.612103 0.488095 0.627976 0.480903
0 0.644511 0.480903 0.62996 0.487847 0.607474 0.461062 0.622354 0.454117
0 0.640212 0.455605 0.625661 0.46255 0.603175 0.435764 0.618056 0.428819
0 0.638228 0.436012 0.620701 0.437004 0.617725 0.399554 0.635251 0.39881
0 0.63459 0.415923 0.64914 0.417411 0.643188 0.447669 0.628968 0.446181
0 0.637897 0.43998 0.654101 0.442212 0.646825 0.472718 0.630291 0.470486
0 0.645172 0.466022 0.661376 0.468254 0.654101 0.49876 0.637566 0.496528
0 0.648148 0.496528 0.664352 0.49876 0.657077 0.529266 0.640542 0.527034
0 0.655423 0.529762 0.67295 0.532242 0.666005 0.561012 0.648148 0.558532
0 0.666336 0.564484 0.683862 0.568452 0.67295 0.596478 0.655423 0.592758
0 0.672288 0.595734 0.691468 0.599206 0.682209 0.62872 0.663029 0.625248
0 0.683201 0.625496 0.702381 0.62996 0.690476 0.65873 0.671296 0.654514
0 0.686839 0.65625 0.704696 0.660466 0.695106 0.684028 0.676918 0.68006
