0 0.685808 0.859244 0.67577 0.86257 0.661765 0.83771 0.672035 0.834559
0 0.661531 0.845763 0.648459 0.852416 0.623249 0.82493 0.636321 0.818102
0 0.646359 0.813901 0.629318 0.822479 0.596872 0.78694 0.613679 0.778186
0 0.634687 0.780462 0.614146 0.78694 0.593137 0.7493 0.613445 0.742822
0 0.626284 0.739846 0.604342 0.746849 0.582633 0.708683 0.604809 0.701681
0 0.626984 0.698179 0.604108 0.703606 0.587768 0.663866 0.610644 0.658438
0 0.630952 0.655112 0.607143 0.656863 0.601541 0.615546 0.62535 0.613796
0 0.636321 0.616422 0.615546 0.617997 0.610177 0.577031 0.630719 0.575455
0 0.646825 0.584034 0.625584 0.585609 0.620215 0.546043 0.641457 0.544468
0 0.652428 0.557423 0.633754 0.558824 0.629785 0.529412 0.648459 0.528011
0 0.653361 0.511905 0.671335 0.514706 0.662932 0.546218 0.644725 0.543417
0 0.660598 0.541141 0.676704 0.547794 0.65733 0.574755 0.64099 0.568102
0 0.652661 0.570903 0.668768 0.577556 0.649393 0.604517 0.633053 0.597864
0 0.631186 0.607668 0.650327 0.612045 0.638189 0.641982 0.618814 0.637605
0 0.628618 0.646359 0.649393 0.651085 0.636088 0.683298 0.615313 0.678571
0 0.625817 0.6882 0.646592 0.692927 0.633287 0.72514 0.612512 0.720413
0 0.626517 0.730042 0.647292 0.734769 0.634921 0.765231 0.613912 0.760504
0 0.651027 0.800245 0.628151 0.801996 0.623716 0.768557 0.646359 0.766807
0 0.670635 0.830707 0.648693 0.834209 0.640056 0.801996 0.661998 0.798669
