0 0.650794 0.740721 0.640756 0.742297 0.633754 0.716737 0.644024 0.715161
0 0.657563 0.708859 0.639122 0.713235 0.626517 0.682423 0.644958 0.678221
0 0.662932 0.683123 0.644958 0.688901 0.628151 0.659139 0.646125 0.653536
0 0.664566 0.66229 0.646592 0.668067 0.629785 0.638305 0.647759 0.632703
0 0.6669 0.635154 0.649393 0.640756 0.633754 0.612745 0.651027 0.607143
0 0.6655 0.604517 0.648226 0.610119 0.63352 0.584034 0.650794 0.578431
0 0.6662 0.57388 0.648926 0.579482 0.63422 0.553396 0.651494 0.547794
0 0.670635 0.546394 0.653128 0.550595 0.64169 0.523109 0.65943 0.519083
0 0.672269 0.518908 0.654762 0.523109 0.643324 0.495623 0.661064 0.491597
0 0.673669 0.493522 0.658263 0.497199 0.647759 0.471639 0.663165 0.467962
0 0.677404 0.479692 0.661998 0.480917 0.65803 0.452206 0.673669 0.45098
0 0.67577 0.478641 0.69071 0.482143 0.679272 0.509629 0.664566 0.506303
0 0.675303 0.505952 0.689776 0.510504 0.674837 0.537115 0.660364 0.532563
0 0.672502 0.534139 0.686975 0.53869 0.672035 0.565301 0.657563 0.560749
0 0.669701 0.563901 0.685808 0.568978 0.670635 0.595938 0.654528 0.590861
0 0.667834 0.595588 0.684874 0.601015 0.670868 0.626225 0.653828 0.620798
0 0.670168 0.6257 0.687208 0.632528 0.670168 0.655987 0.653361 0.648985
0 0.671102 0.64986 0.688142 0.656688 0.671102 0.680147 0.654295 0.673144
0 0.670868 0.67507 0.686975 0.683298 0.667134 0.705182 0.650794 0.696954
0 0.663866 0.700455 0.680906 0.707458 0.664099 0.730742 0.646825 0.723739
0 0.656162 0.735469 0.664799 0.73827 0.655929 0.754202 0.647059 0.751401
