0 0.666997 0.731895 0.676918 0.731895 0.676918 0.759673 0.666997 0.759673
0 0.668981 0.738095 0.650463 0.74256 0.637566 0.71131 0.656415 0.706845
0 0.66832 0.706101 0.649802 0.710565 0.636905 0.679315 0.655754 0.674851
0 0.672288 0.677331 0.651124 0.682292 0.637235 0.648065 0.658399 0.643105
0 0.67328 0.637649 0.652116 0.642609 0.638228 0.608383 0.659392 0.603423
0 0.671296 0.598462 0.651455 0.602927 0.638228 0.570437 0.658069 0.565724
0 0.669974 0.557788 0.649471 0.5625 0.635913 0.529266 0.656085 0.524554
0 0.669643 0.522569 0.64914 0.527282 0.635582 0.494048 0.655754 0.489335
0 0.667328 0.494296 0.64914 0.49876 0.634921 0.464038 0.653108 0.459821
0 0.665344 0.463294 0.647487 0.46751 0.632937 0.43254 0.651124 0.428323
0 0.663029 0.43626 0.646164 0.4375 0.641865 0.40501 0.65873 0.40377
0 0.676587 0.695933 0.697751 0.702629 0.683201 0.728423 0.662037 0.721726
0 0.674603 0.663938 0.69709 0.670883 0.680886 0.699157 0.65873 0.692212
0 0.672288 0.625248 0.693122 0.62996 0.680556 0.660218 0.659722 0.655506
0 0.672619 0.589038 0.69213 0.593502 0.680556 0.622272 0.660714 0.61756
0 0.667989 0.545387 0.690476 0.548611 0.680886 0.583085 0.65873 0.579613
0 0.669974 0.508929 0.691138 0.512153 0.682209 0.545139 0.661045 0.541915
0 0.669643 0.476935 0.691138 0.480159 0.68254 0.510913 0.661376 0.507688
0 0.668651 0.445437 0.686839 0.448165 0.678241 0.479167 0.660384 0.476438
0 0.66336 0.421627 0.680556 0.424107 0.672619 0.452877 0.655754 0.450149
0 0.661045 0.396329 0.671958 0.397817 0.665675 0.421131 0.654762 0.419395
