0 0.681878 0.715526 0.69213 0.715526 0.69213 0.740079 0.681878 0.740079
0 0.681548 0.750248 0.672619 0.752976 0.659722 0.730159 0.668651 0.727183
0 0.679894 0.687004 0.698743 0.691468 0.686839 0.720486 0.667989 0.716022
0 0.674272 0.663442 0.693122 0.667907 0.681217 0.696925 0.662368 0.69246
0 0.667659 0.638393 0.688492 0.642609 0.678571 0.670883 0.657738 0.666667
0 0.659061 0.609623 0.679894 0.613839 0.669974 0.642113 0.64914 0.637897
0 0.652778 0.584077 0.67295 0.588294 0.664021 0.614087 0.643849 0.610119
0 0.646164 0.556548 0.666336 0.560764 0.657407 0.586558 0.637235 0.582589
0 0.644511 0.52877 0.664352 0.532986 0.654762 0.560764 0.63459 0.556796
0 0.677579 0.724206 0.662368 0.732391 0.637897 0.707093 0.652778 0.698909
0 0.672288 0.700893 0.655093 0.710317 0.62963 0.684028 0.646495 0.674603
0 0.670966 0.679315 0.65377 0.68874 0.628307 0.66245 0.645172 0.653026
0 0.663029 0.650794 0.642526 0.659722 0.616402 0.626488 0.636905 0.617312
0 0.656085 0.619792 0.638228 0.627728 0.613757 0.59623 0.631283 0.588542
0 0.652447 0.593502 0.632606 0.602183 0.608796 0.571181 0.628307 0.5625
0 0.650794 0.5687 0.631614 0.577133 0.611442 0.551091 0.630291 0.542659
0 0.642196 0.546131 0.624008 0.554067 0.60582 0.530754 0.623677 0.522817
0 0.639881 0.529018 0.621693 0.536954 0.603505 0.513641 0.621362 0.505704
0 0.637897 0.515625 0.621693 0.519841 0.612103 0.49876 0.628307 0.494544
0 0.641865 0.504216 0.625992 0.504464 0.624669 0.47247 0.640873 0.472222
0 0.642526 0.49504 0.65873 0.502728 0.63955 0.524802 0.623677 0.517113
0 0.642857 0.512897 0.660384 0.518601 0.645833 0.542659 0.628638 0.536706
