0 0.711971 0.81994 0.704365 0.822421 0.69213 0.801091 0.699735 0.798611
0 0.708333 0.785962 0.69246 0.792411 0.671296 0.763393 0.687169 0.756696
0 0.706019 0.755952 0.686839 0.763889 0.662368 0.730159 0.681548 0.72247
0 0.705688 0.730159 0.687169 0.736607 0.667989 0.706349 0.686508 0.699653
0 0.708664 0.701885 0.689153 0.706845 0.674934 0.674851 0.694444 0.670139
0 0.715608 0.669643 0.69709 0.674603 0.683532 0.645833 0.70205 0.640873
0 0.720899 0.642361 0.701058 0.646329 0.690476 0.615823 0.709987 0.611855
0 0.729167 0.617063 0.709987 0.620288 0.701058 0.589534 0.720238 0.58631
0 0.736442 0.598958 0.718915 0.600942 0.712632 0.571925 0.730489 0.569692
0 0.737103 0.536954 0.751653 0.538938 0.744378 0.568948 0.729828 0.566716
0 0.706019 0.772817 0.723545 0.772817 0.723545 0.802827 0.706019 0.802827
0 0.703373 0.739831 0.725529 0.743056 0.716931 0.774802 0.694775 0.771577
0 0.706019 0.714534 0.727183 0.719246 0.714616 0.749504 0.693783 0.744544
0 0.708003 0.689484 0.729167 0.694692 0.715939 0.724454 0.695106 0.719246
0 0.713955 0.65997 0.734788 0.666667 0.718585 0.69494 0.698082 0.688492
0 0.72123 0.631696 0.741402 0.638145 0.72586 0.665923 0.705688 0.659474
0 0.728505 0.608631 0.746032 0.615575 0.730489 0.637649 0.712963 0.630456
0 0.739749 0.583581 0.757275 0.59127 0.740079 0.612599 0.722553 0.604911
0 0.74504 0.56002 0.762566 0.567708 0.74504 0.589534 0.727513 0.581845
