0 0.69246 0.800347 0.683201 0.801091 0.680225 0.777282 0.689484 0.776538
0 0.679233 0.785466 0.669643 0.78621 0.666336 0.761161 0.675926 0.760417
0 0.683201 0.757192 0.666005 0.761161 0.652778 0.728919 0.669643 0.72495
0 0.683862 0.731151 0.665675 0.735615 0.652447 0.703621 0.670966 0.699405
0 0.686177 0.704117 0.667328 0.708581 0.654762 0.678075 0.673942 0.673611
0 0.685185 0.676339 0.666336 0.680804 0.65377 0.650298 0.67295 0.645833
0 0.684193 0.647321 0.666336 0.651538 0.654431 0.622768 0.672619 0.618552
0 0.681548 0.617808 0.664683 0.621776 0.653439 0.594494 0.670304 0.590526
0 0.678902 0.591518 0.66336 0.595238 0.653439 0.570933 0.668981 0.56746
0 0.675595 0.571925 0.662037 0.573909 0.656415 0.553819 0.670304 0.551835
0 0.686177 0.74256 0.704034 0.746776 0.692791 0.774802 0.674603 0.770585
0 0.686508 0.71875 0.705026 0.723214 0.694444 0.749256 0.675595 0.744792
0 0.686177 0.69246 0.705688 0.696925 0.694444 0.72495 0.674603 0.720486
0 0.686508 0.664187 0.706349 0.668651 0.694775 0.696925 0.674934 0.69246
0 0.686177 0.633681 0.706019 0.638145 0.694444 0.666915 0.674272 0.66245
0 0.683201 0.604663 0.70172 0.608879 0.690476 0.636905 0.671627 0.632688
0 0.677249 0.582341 0.693452 0.584821 0.687169 0.608135 0.670966 0.605655
0 0.672619 0.55506 0.689484 0.5563 0.685847 0.582093 0.669312 0.580853
0 0.672288 0.535466 0.684524 0.53621 0.681548 0.558284 0.669312 0.55754
