0 0.705357 0.707093 0.69246 0.710069 0.679894 0.679315 0.69246 0.676339
0 0.70172 0.674355 0.681878 0.679067 0.668981 0.647569 0.688823 0.643105
0 0.69709 0.641865 0.677249 0.646577 0.664352 0.615079 0.684193 0.610615
0 0.696429 0.613839 0.676587 0.618552 0.66369 0.587054 0.683532 0.582589
0 0.696098 0.578621 0.67791 0.584573 0.661376 0.555308 0.679563 0.549355
0 0.692791 0.545635 0.674272 0.551587 0.657738 0.522073 0.676257 0.516121
0 0.691138 0.513393 0.672619 0.519345 0.656085 0.489831 0.674603 0.483879
0 0.692791 0.491319 0.675265 0.497024 0.65873 0.46751 0.676257 0.462054
0 0.694114 0.470238 0.677579 0.475694 0.662037 0.447669 0.678571 0.44246
0 0.695106 0.452381 0.681878 0.456597 0.665344 0.426835 0.678571 0.422867
0 0.720569 0.722966 0.71131 0.724206 0.705357 0.701885 0.714286 0.700397
0 0.700728 0.657242 0.723214 0.658978 0.718585 0.691716 0.696429 0.690228
0 0.699405 0.627232 0.719246 0.630208 0.710979 0.661458 0.691138 0.658234
0 0.698082 0.596974 0.717593 0.600198 0.708664 0.6312 0.688823 0.627728
0 0.695767 0.565476 0.715608 0.5687 0.706019 0.600694 0.686177 0.59747
0 0.69213 0.532242 0.713294 0.535714 0.704365 0.566468 0.68287 0.562748
0 0.691799 0.5 0.712632 0.503472 0.703373 0.53497 0.68254 0.531498
0 0.694444 0.473214 0.714947 0.478175 0.701389 0.508929 0.681217 0.50372
0 0.697751 0.450893 0.715278 0.455109 0.70205 0.485367 0.684524 0.480903
0 0.700397 0.431052 0.717262 0.435764 0.702381 0.46627 0.685516 0.461806
0 0.686839 0.403522 0.700397 0.404266 0.698082 0.438988 0.684524 0.438492
